10000
7
17
23
25
25
28
29
34
34
45
49
53
62
64
66
74
74
85
86
93
99
100
103
105
105
108
108
108
113
115
116
117
117
119
119
120
120
122
122
125
128
132
133
134
136
137
142
143
152
152
155
157
160
163
166
167
171
174
175
176
179
180
181
183
208
214
216
223
225
229
229
229
231
239
241
242
242
243
249
249
254
262
273
273
275
276
277
279
281
285
293
296
300
301
302
304
311
316
321
323
330
333
334
335
335
336
338
338
338
340
351
352
358
358
360
364
371
372
377
381
389
390
392
392
393
393
395
398
400
405
407
422
424
430
434
435
436
436
438
445
448
450
451
457
460
464
464
468
471
473
474
475
476
477
479
487
489
492
492
495
506
507
507
510
521
526
528
530
530
538
539
539
546
547
558
563
570
572
572
574
579
580
581
582
585
588
590
595
595
602
608
610
610
611
611
616
617
618
618
619
626
639
647
648
653
655
658
664
664
667
668
672
673
681
684
684
689
693
702
703
703
703
706
706
710
713
713
715
719
724
735
735
735
740
741
744
746
749
750
753
763
765
769
781
785
787
794
801
803
806
807
807
811
814
817
818
827
828
832
836
836
837
852
865
866
869
873
881
884
886
891
893
899
919
926
935
936
937
938
939
945
948
953
954
957
964
969
972
973
974
977
982
983
1002
1006
1006
1008
1009
1009
1010
1013
1015
1016
1017
1028
1029
1036
1049
1051
1053
1056
1057
1068
1072
1079
1080
1082
1088
1089
1096
1096
1100
1102
1104
1106
1110
1112
1113
1116
1119
1121
1126
1127
1146
1151
1155
1163
1163
1164
1171
1171
1185
1191
1192
1198
1202
1203
1206
1207
1208
1215
1220
1222
1226
1228
1228
1237
1237
1243
1244
1249
1252
1253
1255
1267
1268
1270
1281
1282
1283
1285
1295
1298
1306
1307
1311
1324
1333
1337
1338
1344
1347
1354
1356
1370
1371
1371
1373
1374
1375
1375
1378
1379
1380
1386
1388
1394
1397
1401
1415
1415
1418
1419
1422
1423
1428
1429
1430
1433
1434
1436
1436
1439
1440
1447
1451
1451
1453
1458
1467
1468
1468
1471
1473
1475
1477
1479
1482
1485
1487
1489
1491
1492
1498
1504
1508
1509
1512
1518
1519
1522
1525
1525
1528
1533
1540
1540
1544
1547
1548
1548
1558
1560
1567
1571
1580
1584
1589
1590
1593
1605
1606
1607
1610
1611
1613
1614
1619
1623
1624
1624
1631
1634
1641
1645
1647
1650
1656
1662
1671
1678
1683
1691
1694
1695
1697
1703
1709
1713
1715
1718
1720
1721
1722
1722
1727
1728
1733
1736
1741
1744
1744
1749
1749
1751
1753
1757
1758
1758
1758
1766
1771
1781
1781
1784
1786
1797
1801
1804
1811
1815
1820
1821
1854
1857
1862
1864
1870
1873
1880
1882
1883
1886
1894
1898
1900
1905
1908
1909
1911
1912
1916
1920
1925
1929
1930
1932
1935
1936
1938
1943
1947
1949
1950
1952
1954
1957
1965
1979
1986
1988
1988
1992
1996
1999
2002
2003
2004
2004
2005
2006
2013
2016
2016
2017
2017
2019
2020
2020
2025
2028
2029
2029
2031
2034
2040
2040
2057
2060
2061
2062
2065
2070
2072
2073
2076
2079
2081
2081
2088
2090
2092
2093
2093
2099
2101
2108
2113
2116
2118
2120
2121
2122
2123
2124
2127
2142
2147
2152
2153
2154
2157
2161
2165
2166
2171
2180
2181
2186
2186
2190
2192
2201
2202
2204
2206
2207
2208
2218
2220
2221
2225
2230
2236
2237
2238
2238
2245
2246
2248
2249
2251
2255
2257
2260
2268
2270
2275
2278
2284
2286
2287
2288
2300
2301
2302
2302
2308
2309
2310
2312
2313
2319
2326
2329
2334
2336
2340
2344
2345
2353
2356
2357
2359
2361
2367
2371
2374
2379
2386
2387
2392
2400
2402
2406
2406
2407
2410
2414
2417
2417
2420
2421
2423
2430
2432
2434
2435
2436
2444
2444
2448
2453
2453
2463
2463
2467
2468
2472
2480
2482
2489
2493
2496
2499
2503
2504
2506
2507
2509
2511
2513
2514
2519
2519
2529
2536
2538
2540
2542
2543
2544
2546
2548
2552
2555
2555
2558
2559
2559
2566
2576
2577
2579
2581
2586
2586
2593
2595
2598
2598
2599
2600
2609
2609
2611
2619
2620
2626
2628
2629
2632
2632
2635
2643
2643
2648
2653
2654
2657
2657
2657
2659
2669
2671
2671
2672
2675
2685
2687
2691
2694
2698
2699
2700
2705
2706
2708
2712
2714
2717
2720
2731
2734
2735
2735
2740
2741
2745
2747
2749
2750
2752
2759
2767
2769
2772
2784
2784
2785
2787
2794
2799
2802
2808
2808
2821
2829
2833
2835
2840
2841
2841
2847
2850
2852
2854
2856
2859
2861
2861
2863
2867
2870
2876
2877
2877
2879
2880
2894
2899
2901
2901
2910
2912
2912
2915
2917
2919
2921
2921
2922
2924
2928
2933
2937
2945
2948
2948
2956
2962
2965
2967
2969
2971
2972
2974
2974
2976
2978
2979
2979
2988
2990
2995
3000
3003
3006
3008
3010
3022
3023
3024
3031
3031
3044
3046
3046
3047
3053
3054
3062
3063
3064
3065
3068
3075
3076
3078
3081
3083
3084
3089
3090
3098
3100
3100
3101
3104
3108
3115
3117
3118
3123
3125
3125
3126
3133
3135
3136
3146
3159
3166
3170
3181
3189
3190
3201
3202
3206
3208
3209
3213
3213
3221
3223
3224
3229
3234
3242
3243
3245
3245
3246
3251
3252
3257
3258
3261
3261
3268
3268
3270
3275
3284
3294
3294
3295
3296
3297
3298
3300
3301
3306
3316
3318
3321
3321
3330
3332
3337
3338
3338
3338
3341
3345
3345
3345
3347
3352
3354
3354
3355
3356
3358
3361
3364
3366
3367
3372
3375
3375
3381
3381
3383
3391
3395
3399
3402
3405
3418
3420
3421
3423
3431
3433
3440
3441
3442
3446
3452
3454
3455
3457
3457
3461
3464
3466
3468
3468
3469
3473
3476
3480
3480
3480
3491
3496
3502
3502
3503
3522
3528
3529
3533
3539
3543
3553
3555
3558
3559
3559
3560
3560
3561
3561
3566
3567
3570
3572
3578
3578
3579
3580
3580
3583
3587
3587
3589
3590
3592
3594
3598
3601
3602
3602
3602
3608
3609
3610
3616
3617
3621
3622
3626
3627
3627
3629
3631
3637
3643
3650
3652
3655
3655
3656
3658
3666
3668
3673
3676
3676
3685
3693
3694
3698
3699
3702
3703
3705
3707
3709
3709
3713
3714
3714
3719
3719
3722
3723
3728
3729
3730
3751
3753
3754
3758
3766
3774
3777
3777
3780
3780
3786
3788
3790
3797
3797
3800
3804
3806
3807
3808
3810
3814
3819
3820
3822
3828
3828
3831
3836
3837
3837
3838
3845
3849
3849
3854
3855
3856
3857
3860
3860
3870
3870
3871
3872
3877
3893
3895
3896
3897
3899
3900
3905
3906
3910
3920
3920
3922
3923
3930
3935
3936
3937
3938
3941
3943
3947
3947
3948
3949
3949
3950
3951
3952
3960
3967
3968
3979
3982
3983
3985
3987
3990
3991
3996
3996
4004
4005
4006
4009
4014
4014
4015
4021
4033
4044
4047
4047
4050
4053
4055
4058
4060
4064
4067
4080
4080
4082
4089
4090
4090
4091
4091
4094
4095
4095
4107
4110
4112
4113
4118
4119
4122
4122
4124
4126
4130
4131
4132
4132
4138
4145
4153
4155
4155
4159
4162
4166
4176
4177
4189
4192
4193
4194
4197
4198
4199
4201
4202
4217
4225
4229
4232
4233
4242
4244
4244
4246
4251
4252
4253
4260
4263
4267
4270
4271
4276
4278
4280
4284
4288
4288
4298
4299
4306
4307
4311
4318
4318
4323
4326
4326
4326
4342
4342
4346
4347
4354
4359
4360
4364
4367
4369
4373
4374
4379
4382
4383
4384
4387
4390
4392
4396
4407
4411
4422
4424
4424
4432
4433
4433
4433
4434
4434
4436
4438
4443
4444
4444
4457
4461
4465
4467
4471
4474
4478
4479
4489
4498
4499
4500
4502
4511
4522
4522
4526
4527
4530
4532
4533
4534
4537
4538
4539
4539
4540
4540
4540
4543
4544
4545
4552
4553
4559
4562
4565
4567
4567
4572
4574
4576
4578
4582
4585
4591
4592
4594
4596
4597
4600
4603
4606
4607
4609
4610
4617
4626
4627
4634
4639
4649
4653
4655
4656
4665
4671
4675
4676
4676
4677
4678
4679
4681
4683
4684
4687
4690
4696
4702
4702
4703
4704
4705
4706
4706
4712
4713
4722
4723
4729
4732
4734
4734
4735
4746
4746
4749
4762
4768
4770
4770
4772
4776
4780
4781
4781
4782
4787
4787
4792
4793
4796
4804
4811
4813
4814
4818
4820
4824
4826
4831
4840
4841
4846
4847
4849
4851
4853
4855
4858
4864
4865
4867
4868
4870
4871
4871
4871
4877
4880
4887
4887
4888
4888
4890
4890
4890
4894
4895
4896
4897
4901
4902
4902
4904
4907
4908
4912
4914
4923
4930
4937
4943
4960
4961
4962
4963
4973
4974
4980
4982
4984
4985
4987
4989
4994
4996
4996
4996
5007
5009
5015
5016
5020
5026
5028
5038
5043
5045
5046
5046
5050
5055
5057
5060
5061
5071
5075
5080
5080
5081
5088
5089
5098
5099
5105
5106
5107
5109
5113
5119
5120
5122
5126
5127
5127
5128
5130
5131
5136
5139
5140
5143
5145
5147
5148
5152
5152
5159
5171
5174
5182
5183
5187
5190
5191
5192
5195
5197
5198
5200
5200
5200
5204
5205
5205
5207
5210
5211
5213
5216
5217
5218
5224
5225
5226
5229
5237
5241
5243
5245
5247
5254
5255
5256
5258
5259
5260
5263
5267
5271
5273
5283
5285
5286
5289
5296
5299
5300
5306
5323
5329
5331
5332
5333
5333
5334
5335
5337
5346
5349
5353
5359
5361
5364
5368
5384
5388
5393
5399
5406
5408
5410
5416
5416
5420
5421
5422
5432
5433
5434
5440
5441
5442
5445
5451
5458
5458
5472
5483
5488
5491
5493
5496
5500
5504
5506
5507
5507
5514
5518
5523
5524
5527
5527
5529
5530
5540
5541
5545
5545
5547
5554
5558
5561
5564
5564
5565
5565
5568
5573
5576
5584
5588
5594
5598
5603
5607
5608
5611
5614
5617
5618
5620
5621
5624
5625
5627
5629
5633
5642
5643
5643
5644
5649
5650
5652
5661
5661
5662
5663
5664
5669
5672
5674
5674
5678
5678
5679
5686
5688
5689
5690
5691
5694
5697
5707
5709
5710
5717
5721
5723
5726
5729
5729
5734
5744
5758
5759
5760
5768
5769
5773
5784
5787
5788
5803
5804
5806
5808
5816
5817
5820
5820
5821
5824
5826
5832
5835
5839
5840
5840
5849
5863
5865
5870
5878
5878
5885
5889
5889
5897
5898
5902
5910
5911
5913
5914
5915
5928
5929
5929
5931
5932
5937
5939
5943
5945
5950
5953
5955
5957
5960
5963
5968
5970
5980
5982
5982
5987
5988
5989
5991
5999
6000
6001
6002
6003
6009
6014
6017
6024
6028
6029
6036
6042
6044
6047
6049
6056
6056
6060
6065
6069
6071
6075
6078
6080
6087
6089
6090
6090
6091
6092
6092
6098
6102
6103
6103
6105
6109
6110
6116
6120
6122
6125
6131
6135
6135
6139
6140
6140
6141
6143
6150
6152
6154
6157
6176
6178
6181
6182
6191
6193
6195
6201
6202
6203
6209
6210
6215
6218
6219
6220
6223
6223
6223
6225
6227
6227
6227
6229
6233
6236
6237
6238
6242
6245
6248
6250
6253
6256
6259
6262
6263
6265
6278
6288
6291
6291
6292
6292
6292
6293
6294
6297
6301
6303
6308
6311
6312
6312
6317
6319
6321
6325
6326
6328
6328
6336
6336
6347
6353
6355
6361
6363
6371
6373
6383
6392
6396
6400
6401
6401
6403
6406
6407
6407
6410
6411
6411
6411
6413
6425
6426
6431
6433
6433
6435
6438
6441
6441
6446
6453
6467
6472
6476
6476
6480
6486
6486
6489
6496
6499
6500
6507
6510
6526
6530
6538
6541
6542
6549
6549
6562
6564
6564
6567
6569
6573
6577
6581
6584
6589
6589
6592
6594
6604
6611
6611
6612
6617
6628
6628
6631
6633
6634
6648
6648
6650
6650
6651
6662
6665
6668
6668
6669
6674
6676
6680
6681
6682
6683
6684
6693
6700
6703
6705
6706
6707
6707
6708
6710
6710
6718
6719
6720
6722
6724
6736
6737
6738
6738
6743
6744
6747
6748
6755
6757
6760
6760
6763
6763
6764
6767
6769
6769
6779
6781
6792
6793
6802
6805
6806
6807
6811
6813
6815
6820
6822
6822
6828
6828
6830
6834
6835
6841
6842
6846
6846
6847
6852
6852
6853
6857
6863
6867
6868
6876
6879
6881
6882
6886
6888
6888
6890
6893
6895
6898
6904
6906
6906
6912
6919
6920
6922
6923
6923
6933
6946
6957
6962
6964
6964
6970
6976
6979
6981
6986
6989
6990
6997
7003
7008
7008
7009
7009
7009
7020
7024
7024
7029
7030
7032
7034
7036
7037
7041
7042
7043
7046
7048
7048
7049
7049
7055
7059
7064
7070
7070
7070
7079
7082
7084
7086
7091
7093
7098
7098
7111
7115
7116
7127
7131
7131
7138
7149
7155
7158
7165
7167
7170
7175
7177
7189
7190
7192
7201
7203
7205
7210
7211
7213
7214
7217
7218
7220
7221
7224
7231
7232
7233
7234
7236
7241
7243
7244
7250
7252
7263
7269
7274
7278
7286
7288
7297
7299
7303
7304
7307
7308
7319
7320
7323
7330
7331
7336
7346
7347
7350
7352
7358
7365
7368
7373
7375
7377
7378
7382
7384
7386
7390
7392
7392
7393
7394
7395
7395
7395
7396
7398
7406
7408
7418
7433
7433
7437
7442
7444
7449
7459
7459
7461
7462
7477
7480
7481
7481
7485
7487
7490
7493
7496
7504
7520
7520
7521
7524
7526
7526
7530
7530
7534
7534
7537
7546
7548
7550
7552
7558
7558
7559
7565
7567
7568
7570
7571
7578
7583
7584
7584
7595
7596
7598
7603
7603
7607
7619
7621
7621
7621
7622
7623
7628
7630
7631
7638
7643
7649
7652
7653
7667
7668
7671
7676
7680
7687
7692
7692
7698
7698
7705
7705
7708
7709
7711
7714
7714
7722
7723
7724
7731
7745
7747
7747
7752
7752
7753
7762
7764
7765
7766
7770
7771
7771
7773
7775
7776
7790
7803
7806
7809
7819
7819
7821
7822
7826
7835
7836
7840
7840
7844
7845
7846
7847
7849
7867
7869
7871
7872
7872
7882
7884
7884
7886
7887
7891
7910
7911
7912
7917
7921
7922
7923
7923
7934
7937
7938
7939
7944
7947
7950
7951
7951
7955
7960
7960
7965
7966
7970
7973
7977
7980
7982
7984
7989
7989
8010
8012
8015
8017
8021
8023
8024
8031
8032
8032
8035
8039
8041
8043
8053
8055
8056
8060
8067
8070
8071
8072
8075
8078
8079
8081
8092
8100
8100
8101
8106
8109
8109
8110
8110
8115
8120
8124
8124
8125
8130
8130
8132
8137
8142
8143
8144
8155
8155
8157
8160
8161
8166
8170
8170
8172
8179
8179
8180
8181
8187
8198
8204
8204
8207
8211
8216
8219
8222
8223
8223
8224
8232
8233
8233
8244
8246
8247
8249
8263
8264
8265
8268
8268
8269
8280
8284
8284
8287
8295
8296
8296
8298
8299
8303
8308
8311
8312
8313
8314
8315
8315
8318
8319
8325
8327
8331
8332
8338
8339
8344
8347
8348
8350
8356
8361
8363
8366
8367
8368
8369
8372
8374
8377
8384
8386
8408
8409
8410
8413
8414
8415
8416
8417
8418
8422
8425
8427
8432
8443
8443
8447
8447
8452
8454
8457
8461
8463
8469
8472
8476
8482
8484
8484
8490
8491
8491
8491
8497
8511
8514
8527
8527
8527
8529
8532
8533
8535
8537
8537
8540
8547
8548
8558
8562
8563
8567
8568
8574
8580
8586
8586
8587
8589
8591
8593
8595
8598
8614
8615
8623
8644
8651
8653
8660
8668
8671
8671
8673
8675
8680
8686
8686
8701
8708
8710
8711
8718
8721
8721
8732
8737
8739
8742
8742
8743
8743
8748
8749
8758
8758
8768
8771
8774
8774
8775
8777
8780
8780
8780
8780
8781
8784
8785
8789
8808
8812
8827
8831
8832
8841
8845
8851
8853
8853
8853
8853
8854
8858
8859
8859
8860
8861
8863
8865
8866
8870
8874
8877
8880
8881
8891
8900
8901
8905
8906
8908
8911
8916
8917
8923
8927
8933
8934
8937
8942
8944
8948
8956
8958
8959
8960
8960
8962
8968
8969
8975
8976
8980
8984
8986
8997
9003
9004
9005
9007
9010
9018
9022
9025
9029
9034
9035
9038
9045
9047
9050
9052
9062
9065
9072
9074
9079
9081
9085
9085
9086
9107
9110
9113
9121
9121
9121
9124
9125
9125
9130
9138
9138
9149
9152
9152
9154
9155
9156
9159
9160
9165
9165
9167
9167
9173
9178
9181
9185
9186
9189
9191
9193
9199
9199
9204
9211
9212
9213
9214
9215
9222
9225
9228
9229
9233
9234
9239
9248
9250
9251
9260
9262
9262
9264
9279
9283
9283
9288
9292
9300
9305
9305
9307
9307
9310
9317
9321
9321
9323
9324
9327
9329
9331
9331
9339
9339
9340
9345
9345
9346
9346
9347
9353
9355
9355
9357
9360
9362
9363
9363
9363
9365
9368
9369
9370
9371
9372
9374
9383
9384
9386
9386
9387
9391
9394
9403
9403
9404
9411
9413
9414
9416
9420
9422
9422
9427
9429
9434
9434
9437
9440
9443
9451
9452
9452
9457
9460
9461
9464
9466
9466
9468
9469
9473
9478
9481
9488
9494
9495
9497
9500
9505
9510
9511
9511
9512
9512
9529
9529
9534
9538
9543
9548
9548
9549
9550
9552
9553
9557
9558
9567
9567
9571
9572
9577
9578
9579
9580
9582
9582
9584
9585
9590
9595
9595
9600
9605
9605
9612
9615
9615
9616
9620
9623
9626
9627
9629
9632
9641
9648
9650
9650
9651
9661
9666
9672
9673
9686
9687
9689
9696
9698
9699
9702
9718
9725
9729
9732
9734
9735
9738
9740
9742
9744
9747
9749
9750
9758
9758
9759
9764
9769
9771
9771
9774
9782
9786
9788
9789
9791
9798
9799
9802
9805
9810
9811
9811
9817
9822
9828
9832
9836
9838
9840
9848
9848
9849
9850
9852
9858
9859
9860
9860
9863
9866
9876
9878
9886
9886
9887
9889
9892
9898
9898
9901
9908
9908
9908
9909
9912
9913
9917
9926
9936
9938
9939
9942
9942
9943
9945
9950
9959
9959
9962
9966
9968
9974
9976
9981
9985
9986
9986
9991
9992
9999
9999
10013
10019
10026
10026
10033
10037
10037
10039
10041
10043
10044
10046
10051
10052
10059
10065
10066
10069
10070
10074
10076
10080
10081
10081
10084
10086
10092
10093
10096
10098
10103
10109
10112
10119
10129
10131
10142
10144
10144
10146
10148
10152
10155
10157
10158
10163
10165
10166
10176
10177
10179
10181
10187
10207
10211
10214
10225
10228
10229
10235
10244
10245
10247
10249
10264
10272
10279
10280
10289
10289
10290
10294
10304
10311
10312
10322
10323
10326
10326
10330
10332
10336
10337
10341
10344
10346
10347
10349
10353
10355
10361
10369
10371
10373
10387
10387
10387
10390
10391
10396
10402
10403
10405
10413
10418
10421
10423
10423
10425
10438
10444
10449
10451
10455
10466
10466
10467
10470
10473
10476
10479
10481
10485
10491
10492
10494
10496
10499
10500
10502
10503
10504
10505
10511
10514
10519
10521
10522
10528
10530
10537
10539
10546
10553
10553
10557
10558
10558
10559
10561
10563
10563
10564
10568
10568
10570
10574
10578
10579
10581
10587
10588
10591
10592
10592
10598
10606
10607
10610
10611
10611
10612
10613
10613
10619
10620
10621
10622
10623
10625
10630
10632
10633
10635
10636
10642
10642
10643
10657
10659
10663
10665
10666
10669
10675
10676
10684
10685
10688
10692
10692
10692
10695
10700
10701
10702
10703
10704
10708
10722
10724
10726
10727
10729
10730
10739
10742
10743
10744
10750
10751
10752
10753
10753
10755
10768
10784
10790
10793
10799
10801
10806
10807
10813
10813
10819
10824
10825
10828
10839
10846
10846
10846
10851
10853
10856
10859
10860
10862
10867
10868
10875
10876
10877
10885
10895
10899
10902
10908
10909
10911
10911
10915
10922
10923
10929
10935
10938
10939
10951
10952
10954
10962
10963
10968
10974
10976
10992
10996
11000
11002
11002
11004
11010
11012
11013
11014
11014
11016
11020
11022
11030
11032
11032
11034
11041
11042
11043
11047
11047
11051
11063
11064
11069
11070
11070
11073
11074
11078
11084
11091
11101
11101
11103
11105
11105
11106
11106
11117
11122
11126
11126
11131
11135
11135
11139
11142
11150
11158
11159
11172
11175
11179
11182
11185
11190
11198
11203
11206
11209
11210
11211
11214
11215
11215
11217
11219
11223
11228
11229
11242
11242
11242
11243
11249
11253
11255
11258
11260
11261
11265
11267
11273
11277
11279
11279
11280
11284
11285
11286
11288
11289
11290
11296
11300
11305
11305
11310
11321
11324
11324
11326
11326
11327
11327
11336
11337
11358
11362
11369
11373
11373
11385
11388
11390
11392
11396
11399
11403
11404
11405
11405
11407
11412
11418
11418
11419
11419
11439
11440
11441
11443
11443
11444
11447
11449
11450
11452
11455
11456
11457
11461
11464
11464
11467
11468
11472
11474
11476
11480
11485
11485
11486
11487
11488
11493
11495
11498
11499
11520
11521
11525
11526
11528
11530
11536
11537
11538
11539
11539
11542
11547
11554
11556
11558
11558
11560
11562
11567
11570
11570
11585
11587
11589
11590
11590
11593
11596
11600
11601
11601
11606
11608
11609
11610
11621
11622
11624
11633
11636
11640
11642
11644
11644
11647
11648
11649
11652
11655
11657
11663
11666
11667
11668
11669
11671
11675
11676
11677
11681
11687
11689
11696
11699
11700
11707
11710
11711
11719
11727
11728
11729
11731
11734
11735
11746
11747
11750
11755
11757
11759
11767
11776
11781
11783
11784
11786
11787
11788
11788
11791
11803
11803
11806
11808
11809
11810
11811
11812
11817
11819
11821
11824
11826
11829
11834
11835
11835
11837
11842
11847
11849
11853
11853
11854
11856
11857
11860
11861
11861
11864
11865
11865
11867
11869
11875
11879
11888
11888
11891
11891
11895
11895
11902
11913
11915
11924
11925
11928
11931
11937
11941
11942
11944
11944
11948
11949
11949
11957
11962
11964
11965
11966
11969
11976
11978
11981
11982
11985
11989
11992
11993
11993
11995
11997
11997
11998
12003
12008
12009
12013
12022
12029
12037
12039
12044
12052
12058
12058
12062
12066
12086
12087
12089
12093
12095
12095
12097
12102
12102
12103
12104
12106
12107
12111
12115
12133
12143
12147
12151
12156
12157
12166
12167
12168
12176
12178
12180
12187
12188
12190
12193
12194
12201
12204
12205
12206
12222
12222
12222
12222
12223
12226
12235
12236
12238
12243
12251
12259
12261
12263
12264
12264
12267
12273
12273
12279
12286
12288
12288
12289
12296
12302
12305
12307
12307
12308
12308
12308
12311
12311
12313
12314
12314
12318
12326
12328
12330
12336
12338
12338
12343
12347
12350
12350
12360
12368
12370
12370
12372
12378
12380
12385
12388
12388
12396
12408
12409
12417
12419
12420
12420
12422
12423
12425
12428
12429
12433
12434
12443
12444
12453
12454
12460
12462
12463
12463
12466
12466
12466
12468
12470
12471
12472
12478
12488
12488
12490
12491
12493
12493
12494
12497
12498
12500
12508
12510
12510
12514
12516
12518
12520
12522
12525
12529
12531
12562
12565
12567
12568
12574
12574
12582
12587
12591
12595
12595
12597
12602
12603
12611
12612
12614
12622
12629
12640
12643
12644
12644
12645
12647
12649
12654
12659
12664
12682
12684
12698
12705
12705
12706
12707
12712
12718
12722
12723
12723
12725
12725
12727
12731
12742
12743
12745
12745
12747
12754
12756
12761
12761
12764
12765
12766
12768
12773
12778
12780
12784
12789
12793
12795
12796
12798
12801
12806
12808
12809
12811
12813
12820
12824
12825
12825
12828
12829
12829
12830
12832
12846
12848
12850
12851
12856
12857
12861
12867
12870
12871
12872
12880
12881
12882
12882
12887
12889
12901
12902
12909
12912
12913
12915
12922
12936
12941
12942
12952
12954
12955
12957
12961
12964
12970
12976
12981
12989
12991
12994
12996
13002
13002
13002
13003
13004
13013
13017
13019
13024
13028
13044
13050
13061
13066
13069
13073
13076
13081
13084
13084
13090
13092
13100
13100
13101
13104
13105
13105
13106
13109
13119
13124
13127
13127
13128
13129
13131
13132
13133
13143
13143
13144
13146
13150
13151
13161
13166
13167
13170
13173
13179
13184
13188
13193
13195
13205
13210
13213
13218
13224
13225
13233
13235
13241
13243
13247
13254
13260
13262
13267
13269
13273
13274
13275
13281
13281
13283
13290
13292
13294
13299
13300
13302
13308
13311
13312
13319
13323
13329
13330
13330
13331
13333
13336
13338
13339
13341
13342
13343
13345
13358
13362
13365
13366
13368
13371
13373
13375
13378
13382
13383
13390
13400
13404
13407
13423
13433
13433
13438
13441
13445
13448
13449
13450
13453
13453
13453
13460
13464
13465
13467
13469
13471
13472
13472
13472
13473
13475
13476
13479
13485
13488
13494
13495
13499
13500
13500
13505
13506
13507
13508
13511
13512
13515
13515
13517
13536
13538
13544
13547
13557
13558
13561
13565
13566
13571
13575
13575
13584
13586
13586
13587
13589
13590
13591
13593
13596
13598
13599
13600
13602
13602
13604
13605
13612
13612
13612
13616
13618
13618
13622
13630
13635
13635
13638
13640
13641
13645
13656
13656
13657
13659
13663
13663
13672
13677
13677
13681
13687
13690
13690
13692
13698
13706
13707
13708
13709
13711
13712
13718
13719
13721
13723
13728
13730
13736
13737
13740
13743
13744
13755
13756
13757
13759
13760
13763
13764
13770
13784
13791
13792
13793
13804
13805
13809
13810
13810
13822
13824
13832
13834
13834
13839
13847
13854
13855
13856
13857
13860
13865
13869
13871
13879
13881
13882
13888
13892
13900
13902
13904
13905
13906
13908
13909
13915
13918
13920
13933
13939
13947
13949
13952
13955
13957
13960
13967
13967
13972
13973
13975
13978
13981
13988
13989
13993
14001
14002
14009
14009
14012
14018
14024
14031
14033
14037
14052
14062
14063
14064
14066
14076
14080
14083
14084
14085
14088
14088
14093
14094
14111
14112
14115
14117
14127
14128
14129
14132
14135
14136
14139
14141
14144
14145
14147
14156
14157
14161
14162
14163
14167
14173
14174
14179
14179
14179
14179
14181
14187
14197
14202
14203
14210
14216
14220
14223
14232
14235
14235
14237
14242
14250
14255
14258
14259
14273
14277
14278
14278
14280
14282
14294
14300
14303
14313
14320
14323
14329
14331
14332
14334
14334
14335
14343
14350
14351
14353
14356
14356
14360
14365
14373
14374
14378
14386
14386
14389
14390
14398
14400
14402
14407
14411
14417
14423
14424
14440
14449
14449
14451
14454
14455
14455
14458
14459
14460
14461
14463
14468
14473
14474
14477
14482
14482
14484
14486
14486
14487
14490
14491
14492
14493
14496
14500
14503
14515
14517
14518
14522
14524
14526
14530
14531
14534
14537
14538
14542
14542
14545
14547
14552
14553
14554
14554
14555
14558
14561
14563
14565
14565
14569
14570
14580
14585
14585
14586
14590
14594
14603
14605
14608
14614
14617
14617
14620
14621
14623
14625
14627
14629
14640
14645
14646
14660
14667
14668
14670
14672
14675
14681
14681
14682
14687
14687
14690
14693
14693
14695
14695
14697
14699
14702
14712
14716
14722
14732
14732
14739
14741
14743
14744
14747
14749
14751
14751
14753
14756
14764
14767
14769
14770
14771
14774
14775
14777
14789
14791
14792
14799
14800
14803
14804
14807
14809
14816
14817
14819
14821
14821
14826
14826
14828
14832
14835
14835
14836
14836
14837
14837
14840
14841
14842
14846
14852
14854
14856
14856
14860
14866
14866
14869
14875
14878
14879
14879
14880
14882
14885
14888
14891
14892
14895
14897
14902
14905
14907
14913
14916
14918
14921
14934
14941
14948
14949
14949
14951
14953
14954
14957
14957
14964
14972
14973
14975
14975
14976
14978
14979
14979
14985
14987
14992
14995
15000
15002
15008
15011
15011
15012
15012
15018
15020
15021
15022
15031
15034
15035
15035
15037
15038
15042
15044
15045
15046
15049
15053
15053
15053
15054
15057
15058
15067
15069
15077
15082
15083
15089
15099
15103
15113
15113
15121
15122
15123
15123
15124
15129
15133
15135
15137
15138
15138
15139
15143
15153
15154
15154
15159
15161
15167
15181
15186
15190
15191
15192
15198
15202
15207
15208
15211
15216
15217
15222
15229
15244
15244
15257
15266
15268
15274
15276
15277
15281
15287
15287
15287
15289
15291
15297
15303
15304
15308
15314
15324
15324
15325
15326
15329
15329
15332
15336
15352
15353
15354
15354
15358
15377
15379
15380
15380
15389
15391
15393
15393
15396
15398
15399
15399
15402
15404
15405
15407
15408
15414
15417
15417
15420
15422
15425
15433
15435
15437
15437
15438
15441
15442
15444
15444
15445
15445
15449
15449
15461
15464
15466
15466
15475
15477
15481
15483
15484
15488
15491
15492
15492
15494
15501
15502
15507
15508
15509
15509
15515
15521
15522
15523
15525
15527
15533
15536
15537
15544
15547
15550
15554
15554
15566
15571
15581
15583
15586
15588
15599
15606
15608
15609
15612
15612
15613
15616
15620
15633
15637
15638
15648
15661
15664
15664
15676
15678
15689
15698
15702
15703
15707
15716
15717
15721
15726
15728
15729
15737
15737
15737
15743
15745
15746
15750
15750
15764
15771
15781
15788
15788
15789
15789
15792
15794
15795
15803
15812
15813
15817
15817
15822
15826
15826
15828
15828
15829
15830
15830
15830
15832
15833
15834
15835
15836
15838
15839
15843
15843
15843
15844
15847
15849
15853
15855
15856
15859
15859
15860
15861
15861
15861
15861
15862
15870
15872
15875
15875
15880
15887
15892
15899
15903
15906
15909
15911
15912
15912
15916
15918
15919
15919
15921
15922
15929
15937
15938
15940
15941
15941
15941
15944
15945
15947
15951
15952
15953
15956
15956
15957
15960
15964
15968
15968
15968
15970
15984
15987
15988
15991
15991
15992
15997
15999
16001
16001
16008
16013
16014
16015
16016
16021
16026
16027
16028
16030
16034
16036
16041
16043
16046
16047
16066
16075
16086
16091
16102
16105
16106
16111
16115
16115
16121
16121
16122
16123
16130
16132
16136
16137
16139
16143
16143
16145
16148
16155
16161
16164
16167
16168
16170
16172
16177
16185
16189
16190
16191
16196
16196
16198
16198
16206
16212
16219
16219
16234
16240
16242
16250
16252
16253
16254
16256
16260
16265
16266
16272
16275
16280
16285
16289
16293
16295
16297
16297
16299
16310
16311
16321
16322
16324
16328
16330
16332
16335
16336
16339
16346
16347
16349
16354
16354
16355
16355
16357
16364
16366
16370
16376
16378
16380
16384
16384
16386
16389
16390
16390
16393
16401
16407
16409
16409
16410
16413
16418
16418
16418
16419
16423
16427
16428
16428
16438
16438
16438
16441
16441
16442
16450
16452
16456
16464
16469
16470
16479
16480
16481
16487
16489
16490
16491
16494
16494
16496
16500
16505
16512
16513
16514
16524
16531
16533
16534
16545
16549
16552
16555
16556
16562
16579
16579
16583
16600
16611
16611
16620
16620
16625
16629
16632
16636
16641
16642
16646
16646
16650
16653
16655
16656
16658
16658
16658
16660
16663
16669
16670
16679
16680
16684
16693
16703
16704
16704
16709
16713
16713
16714
16716
16716
16717
16724
16726
16730
16734
16736
16745
16748
16749
16749
16755
16765
16766
16769
16777
16787
16792
16793
16793
16793
16800
16800
16801
16803
16805
16809
16809
16809
16812
16815
16819
16827
16828
16834
16834
16838
16846
16847
16849
16849
16852
16855
16855
16857
16857
16861
16864
16865
16867
16873
16874
16875
16884
16888
16895
16897
16898
16902
16905
16907
16908
16913
16916
16917
16920
16924
16928
16929
16929
16930
16937
16938
16941
16944
16950
16951
16955
16959
16963
16967
16979
16984
16987
16991
16997
16999
17003
17011
17015
17015
17022
17026
17027
17028
17028
17029
17031
17034
17035
17035
17036
17036
17038
17045
17046
17046
17047
17050
17052
17052
17053
17057
17062
17062
17063
17066
17069
17074
17076
17080
17086
17086
17101
17101
17106
17109
17112
17120
17123
17124
17124
17125
17125
17126
17128
17131
17137
17140
17140
17144
17146
17146
17148
17149
17150
17162
17163
17166
17170
17175
17179
17180
17190
17192
17193
17197
17201
17206
17210
17211
17213
17217
17217
17219
17223
17229
17229
17235
17244
17245
17247
17247
17258
17261
17267
17267
17269
17270
17279
17281
17283
17283
17286
17289
17290
17291
17293
17297
17301
17306
17311
17314
17316
17322
17323
17326
17327
17331
17332
17333
17342
17346
17351
17352
17356
17357
17364
17368
17371
17372
17374
17375
17376
17382
17382
17387
17388
17390
17396
17404
17413
17414
17419
17423
17429
17431
17437
17440
17444
17444
17446
17448
17451
17463
17468
17472
17479
17480
17482
17482
17484
17484
17485
17493
17499
17501
17508
17510
17512
17514
17516
17520
17520
17532
17534
17536
17536
17539
17539
17540
17545
17552
17556
17561
17563
17565
17570
17570
17571
17572
17577
17581
17581
17581
17582
17583
17589
17595
17599
17605
17605
17607
17608
17610
17615
17616
17617
17617
17618
17619
17620
17623
17626
17630
17630
17635
17635
17636
17639
17642
17642
17643
17643
17644
17646
17649
17652
17655
17656
17663
17667
17672
17672
17672
17674
17675
17675
17680
17682
17687
17691
17695
17696
17696
17696
17701
17702
17703
17708
17711
17713
17722
17724
17728
17730
17737
17738
17738
17738
17742
17745
17750
17752
17754
17755
17756
17761
17765
17770
17773
17777
17781
17785
17787
17790
17798
17806
17807
17808
17819
17819
17822
17823
17833
17839
17858
17885
17890
17890
17896
17902
17905
17906
17911
17916
17919
17920
17923
17923
17925
17927
17929
17930
17930
17931
17932
17935
17946
17947
17947
17960
17965
17967
17969
17975
17975
17979
17986
17988
17989
17990
17995
17995
17999
18003
18005
18006
18009
18013
18014
18017
18020
18022
18026
18029
18036
18036
18049
18049
18051
18058
18059
18059
18061
18063
18075
18079
18079
18081
18081
18083
18084
18085
18085
18086
18087
18091
18092
18094
18095
18104
18106
18106
18108
18113
18118
18123
18127
18132
18132
18135
18136
18141
18141
18142
18144
18151
18158
18160
18165
18167
18171
18171
18179
18183
18186
18189
18191
18194
18196
18201
18203
18205
18214
18217
18221
18230
18230
18232
18234
18235
18241
18246
18252
18254
18261
18263
18268
18273
18274
18274
18274
18275
18276
18277
18280
18284
18287
18295
18295
18295
18297
18301
18303
18305
18306
18309
18312
18316
18320
18320
18321
18324
18326
18326
18329
18333
18333
18333
18334
18334
18336
18341
18341
18344
18350
18350
18353
18357
18360
18362
18363
18364
18367
18375
18378
18380
18380
18383
18389
18391
18395
18397
18397
18398
18401
18401
18403
18409
18417
18436
18439
18442
18445
18450
18451
18460
18472
18475
18476
18478
18479
18480
18482
18483
18483
18497
18500
18503
18509
18516
18517
18519
18522
18533
18535
18536
18548
18549
18552
18558
18558
18563
18572
18573
18574
18576
18579
18580
18583
18586
18588
18594
18595
18598
18601
18608
18609
18613
18614
18615
18616
18621
18623
18625
18626
18630
18630
18632
18633
18636
18639
18643
18645
18649
18652
18663
18664
18665
18667
18668
18677
18679
18681
18685
18688
18689
18693
18695
18696
18697
18698
18702
18704
18705
18708
18710
18711
18711
18715
18717
18720
18726
18733
18736
18738
18746
18749
18751
18753
18758
18765
18775
18778
18779
18780
18784
18797
18798
18798
18803
18803
18810
18810
18811
18811
18817
18819
18820
18823
18826
18827
18828
18830
18838
18841
18848
18853
18855
18858
18862
18864
18867
18871
18876
18880
18886
18887
18888
18894
18894
18898
18899
18899
18903
18903
18906
18909
18910
18911
18919
18922
18927
18931
18934
18940
18944
18945
18951
18955
18957
18957
18961
18961
18965
18975
18977
18982
18986
18987
18988
18988
18989
18989
18990
18995
19000
19000
19001
19004
19010
19012
19015
19018
19019
19020
19020
19020
19021
19021
19025
19033
19034
19038
19040
19040
19040
19054
19066
19069
19069
19074
19076
19082
19088
19096
19097
19106
19107
19110
19112
19113
19118
19120
19122
19122
19124
19124
19124
19127
19136
19137
19139
19140
19146
19148
19148
19151
19152
19154
19157
19158
19173
19175
19180
19180
19183
19186
19190
19190
19204
19204
19211
19213
19220
19222
19225
19225
19229
19231
19233
19235
19235
19239
19245
19246
19248
19248
19255
19257
19259
19260
19261
19265
19266
19276
19293
19296
19298
19310
19312
19320
19321
19332
19333
19334
19351
19351
19352
19354
19360
19361
19362
19369
19372
19372
19379
19383
19383
19387
19391
19397
19399
19404
19405
19412
19414
19425
19428
19435
19435
19435
19436
19437
19440
19441
19450
19451
19455
19468
19473
19474
19477
19478
19478
19481
19483
19484
19486
19489
19495
19501
19514
19515
19516
19520
19529
19531
19532
19534
19536
19541
19542
19549
19554
19555
19561
19564
19566
19569
19570
19572
19581
19585
19591
19614
19614
19617
19622
19626
19627
19629
19629
19632
19634
19634
19637
19639
19639
19643
19644
19649
19650
19650
19650
19657
19660
19664
19664
19668
19670
19670
19674
19677
19679
19683
19684
19687
19690
19693
19694
19695
19702
19704
19706
19708
19710
19712
19713
19728
19733
19735
19735
19739
19739
19744
19745
19747
19750
19751
19752
19752
19755
19757
19760
19765
19767
19767
19768
19768
19773
19779
19786
19790
19791
19797
19800
19804
19818
19819
19825
19827
19829
19833
19835
19838
19850
19851
19855
19859
19860
19860
19861
19862
19862
19863
19876
19883
19884
19896
19900
19901
19901
19903
19907
19915
19915
19915
19917
19919
19922
19928
19929
19929
19931
19932
19933
19936
19940
19940
19944
19946
19949
19958
19960
19960
19961
19963
19971
19974
19975
19982
19986
19989
19995
19997
20000
20001
20002
20005
20006
20007
20008
20018
20022
20023
20023
20026
20027
20028
20036
20042
20043
20046
20049
20050
20052
20054
20055
20060
20060
20061
20064
20066
20087
20090
20090
20090
20090
20100
20102
20103
20103
20105
20107
20107
20113
20114
20115
20115
20115
20120
20126
20127
20132
20134
20137
20142
20144
20145
20147
20153
20155
20161
20165
20167
20167
20168
20168
20175
20184
20187
20187
20192
20197
20201
20205
20210
20215
20220
20224
20227
20234
20236
20241
20250
20267
20268
20269
20271
20271
20272
20276
20277
20283
20284
20284
20287
20296
20298
20301
20301
20304
20312
20313
20321
20324
20324
20324
20349
20350
20353
20355
20356
20358
20361
20361
20363
20365
20365
20366
20367
20369
20382
20387
20390
20392
20403
20405
20407
20410
20414
20415
20415
20416
20424
20439
20447
20449
20453
20460
20462
20463
20471
20477
20478
20488
20491
20493
20496
20499
20502
20505
20506
20509
20510
20517
20518
20518
20523
20524
20524
20528
20528
20529
20534
20538
20538
20539
20541
20542
20546
20553
20554
20555
20556
20557
20558
20565
20569
20573
20578
20591
20593
20594
20603
20605
20607
20625
20625
20627
20627
20628
20640
20645
20653
20654
20658
20663
20669
20672
20674
20683
20683
20686
20686
20686
20694
20695
20697
20697
20705
20707
20707
20714
20717
20721
20723
20727
20728
20728
20730
20732
20733
20737
20738
20746
20747
20752
20759
20764
20769
20774
20776
20779
20781
20785
20790
20791
20792
20794
20795
20797
20798
20799
20800
20804
20804
20808
20810
20818
20827
20828
20828
20829
20830
20831
20833
20840
20841
20842
20842
20846
20847
20852
20858
20861
20864
20865
20873
20873
20875
20878
20879
20895
20906
20906
20907
20908
20909
20916
20916
20917
20919
20922
20926
20927
20934
20937
20941
20946
20953
20957
20959
20959
20963
20965
20971
20971
20972
20977
20979
20979
20988
20990
20995
20997
21003
21003
21005
21008
21011
21012
21015
21015
21018
21031
21035
21036
21038
21039
21041
21041
21042
21047
21052
21056
21058
21059
21059
21068
21068
21068
21069
21071
21075
21077
21077
21079
21079
21085
21097
21099
21100
21108
21115
21120
21121
21121
21126
21126
21127
21128
21129
21132
21135
21137
21139
21143
21145
21145
21146
21146
21151
21160
21160
21174
21177
21186
21195
21201
21204
21217
21222
21223
21224
21228
21237
21238
21243
21245
21247
21248
21257
21261
21263
21264
21282
21289
21292
21293
21295
21302
21308
21311
21318
21323
21326
21328
21341
21343
21350
21355
21356
21359
21362
21365
21372
21378
21385
21389
21394
21399
21405
21406
21407
21408
21409
21415
21418
21421
21422
21426
21427
21430
21434
21437
21442
21442
21445
21448
21449
21455
21457
21458
21458
21460
21461
21461
21463
21465
21465
21465
21469
21474
21486
21488
21489
21490
21494
21495
21496
21499
21501
21502
21504
21507
21510
21513
21513
21515
21517
21522
21523
21524
21529
21530
21531
21533
21538
21541
21541
21542
21543
21546
21557
21558
21559
21560
21565
21566
21571
21572
21573
21578
21581
21584
21584
21585
21596
21596
21598
21598
21603
21607
21608
21610
21611
21616
21620
21622
21624
21630
21632
21641
21644
21651
21651
21652
21655
21658
21667
21671
21678
21678
21682
21683
21687
21690
21694
21694
21702
21705
21706
21706
21708
21708
21708
21709
21712
21717
21718
21720
21724
21724
21727
21734
21737
21737
21747
21752
21753
21754
21755
21758
21758
21762
21764
21764
21767
21778
21785
21785
21786
21787
21788
21789
21789
21790
21793
21795
21796
21796
21798
21799
21803
21803
21806
21812
21813
21813
21814
21815
21816
21816
21818
21822
21826
21827
21842
21843
21846
21851
21853
21854
21858
21860
21861
21865
21865
21871
21884
21890
21891
21893
21893
21896
21903
21905
21908
21910
21912
21913
21913
21913
21917
21925
21936
21936
21943
21943
21943
21958
21960
21960
21960
21964
21965
21970
21971
21982
21983
21985
21990
21991
21991
21992
21996
21996
21997
21999
21999
22000
22004
22008
22010
22025
22025
22030
22031
22035
22041
22042
22043
22044
22046
22048
22053
22057
22058
22058
22058
22059
22068
22068
22073
22075
22077
22079
22083
22086
22087
22094
22095
22097
22101
22103
22105
22113
22118
22123
22124
22137
22140
22141
22143
22150
22156
22156
22157
22160
22173
22176
22180
22183
22184
22184
22186
22188
22191
22193
22194
22197
22198
22199
22203
22203
22204
22214
22217
22226
22236
22238
22245
22249
22252
22258
22262
22266
22267
22273
22275
22275
22276
22277
22278
22279
22283
22285
22287
22287
22297
22298
22306
22308
22316
22318
22320
22326
22329
22331
22340
22341
22346
22346
22348
22351
22351
22353
22355
22356
22360
22363
22366
22366
22370
22371
22373
22375
22381
22382
22383
22385
22388
22390
22392
22394
22398
22401
22404
22408
22413
22417
22425
22430
22440
22442
22447
22450
22455
22456
22461
22463
22465
22467
22468
22470
22475
22477
22482
22482
22488
22489
22494
22503
22504
22508
22510
22517
22517
22521
22523
22525
22531
22531
22535
22538
22538
22540
22540
22540
22545
22548
22557
22558
22560
22560
22568
22576
22578
22585
22585
22585
22587
22588
22590
22600
22607
22610
22615
22617
22623
22629
22635
22635
22636
22640
22654
22659
22664
22665
22668
22673
22674
22678
22679
22679
22681
22685
22695
22703
22706
22708
22719
22719
22722
22734
22736
22736
22739
22740
22741
22741
22741
22747
22750
22752
22753
22757
22760
22767
22767
22772
22774
22776
22777
22780
22780
22783
22787
22792
22793
22793
22795
22799
22801
22802
22802
22804
22804
22807
22813
22818
22824
22824
22824
22825
22827
22828
22828
22838
22838
22846
22847
22851
22853
22853
22853
22855
22859
22862
22865
22867
22871
22878
22878
22879
22879
22880
22890
22892
22894
22895
22902
22910
22913
22915
22916
22917
22922
22926
22928
22928
22933
22935
22937
22946
22957
22957
22962
22964
22976
22976
22980
22981
22984
23000
23000
23003
23014
23016
23016
23020
23023
23030
23032
23033
23034
23034
23040
23045
23050
23051
23056
23060
23061
23067
23068
23068
23069
23069
23070
23070
23072
23090
23093
23098
23099
23100
23101
23101
23103
23105
23109
23109
23112
23115
23116
23118
23123
23125
23125
23126
23128
23135
23143
23148
23149
23152
23154
23160
23161
23163
23171
23173
23175
23175
23182
23183
23187
23187
23190
23191
23193
23194
23198
23199
23211
23211
23211
23214
23214
23219
23222
23227
23231
23233
23233
23236
23240
23242
23250
23259
23267
23270
23272
23277
23278
23281
23284
23289
23292
23292
23293
23295
23298
23298
23301
23303
23311
23312
23316
23324
23324
23325
23325
23333
23338
23339
23341
23342
23351
23357
23361
23362
23362
23370
23370
23379
23381
23382
23383
23383
23384
23390
23392
23395
23396
23398
23410
23412
23413
23418
23419
23420
23421
23438
23439
23442
23443
23443
23446
23446
23453
23453
23455
23456
23458
23461
23462
23463
23465
23468
23472
23474
23478
23479
23482
23482
23486
23486
23488
23489
23491
23492
23494
23496
23498
23506
23507
23508
23509
23509
23511
23512
23514
23515
23518
23525
23528
23531
23532
23539
23540
23541
23542
23546
23565
23566
23568
23572
23575
23575
23579
23580
23583
23584
23590
23591
23592
23595
23595
23599
23600
23603
23604
23605
23606
23607
23608
23612
23612
23612
23619
23623
23624
23630
23632
23638
23641
23653
23654
23661
23662
23665
23672
23678
23679
23680
23681
23682
23683
23685
23689
23692
23693
23702
23703
23708
23715
23718
23723
23731
23731
23732
23732
23733
23735
23736
23737
23739
23740
23742
23742
23742
23746
23750
23750
23750
23753
23759
23760
23764
23765
23767
23770
23770
23771
23774
23775
23781
23784
23788
23789
23794
23800
23802
23804
23805
23812
23817
23820
23825
23826
23830
23834
23843
23844
23845
23847
23848
23848
23851
23852
23855
23861
23868
23871
23876
23881
23883
23883
23888
23892
23902
23910
23932
23933
23935
23939
23948
23955
23958
23958
23960
23962
23964
23967
23980
23983
23985
23985
23986
23987
23988
23989
23991
23992
23995
23997
24000
24010
24011
24026
24028
24031
24040
24042
24042
24044
24050
24050
24052
24052
24060
24066
24070
24072
24072
24075
24087
24087
24088
24089
24092
24093
24097
24103
24105
24115
24116
24116
24117
24120
24123
24125
24135
24139
24140
24145
24145
24156
24156
24158
24162
24165
24165
24166
24166
24172
24178
24181
24182
24183
24184
24186
24186
24189
24191
24196
24199
24200
24203
24217
24223
24223
24223
24231
24232
24232
24234
24235
24241
24242
24244
24249
24252
24253
24257
24264
24265
24268
24275
24276
24282
24284
24284
24289
24291
24300
24301
24304
24306
24309
24313
24320
24331
24336
24336
24342
24350
24351
24352
24354
24358
24360
24363
24366
24370
24376
24378
24378
24386
24387
24390
24397
24402
24409
24410
24411
24412
24414
24422
24424
24426
24426
24430
24431
24431
24431
24434
24435
24438
24438
24439
24441
24446
24448
24449
24449
24461
24471
24473
24473
24477
24480
24482
24486
24488
24492
24495
24499
24502
24503
24529
24532
24537
24537
24539
24543
24546
24550
24550
24552
24553
24556
24559
24567
24570
24573
24576
24581
24583
24583
24591
24593
24599
24601
24602
24606
24607
24615
24617
24617
24618
24623
24634
24634
24636
24637
24646
24646
24648
24649
24650
24654
24657
24661
24663
24667
24668
24670
24680
24681
24681
24682
24687
24688
24692
24692
24697
24704
24705
24707
24708
24709
24710
24721
24723
24724
24727
24728
24729
24737
24737
24740
24741
24742
24750
24753
24754
24756
24756
24764
24765
24774
24782
24783
24783
24789
24791
24792
24793
24794
24796
24796
24797
24804
24807
24808
24811
24819
24824
24825
24834
24836
24836
24837
24842
24846
24850
24852
24854
24855
24859
24862
24862
24862
24864
24870
24871
24872
24872
24875
24877
24878
24886
24886
24889
24892
24895
24899
24900
24906
24909
24910
24911
24914
24926
24931
24933
24934
24938
24947
24949
24950
24951
24955
24955
24957
24957
24958
24960
24968
24976
24976
24980
24980
24981
24982
24984
24985
24988
24988
24988
24990
24990
24995
25009
25010
25013
25016
25016
25020
25021
25021
25021
25022
25023
25026
25028
25028
25030
25031
25033
25034
25035
25039
25041
25043
25045
25051
25061
25062
25065
25072
25073
25076
25077
25083
25085
25086
25087
25087
25088
25090
25093
25096
25099
25106
25112
25112
25114
25116
25116
25120
25123
25125
25128
25131
25133
25134
25136
25155
25156
25158
25161
25164
25173
25175
25176
25176
25190
25192
25194
25196
25196
25197
25210
25216
25216
25217
25222
25224
25228
25234
25234
25246
25261
25264
25273
25274
25283
25286
25287
25295
25302
25304
25307
25309
25310
25313
25314
25315
25316
25317
25319
25321
25324
25325
25329
25334
25334
25339
25342
25350
25350
25360
25361
25362
25366
25370
25370
25383
25383
25389
25396
25396
25404
25404
25409
25409
25420
25425
25433
25440
25442
25449
25452
25454
25457
25460
25461
25462
25468
25468
25475
25477
25477
25479
25479
25486
25486
25487
25487
25492
25499
25503
25507
25509
25510
25514
25522
25525
25535
25537
25539
25540
25541
25543
25543
25544
25547
25550
25552
25552
25552
25552
25552
25557
25557
25558
25560
25563
25567
25568
25568
25568
25572
25572
25572
25576
25585
25588
25594
25599
25607
25607
25610
25611
25611
25618
25620
25624
25629
25630
25634
25634
25636
25637
25643
25644
25647
25650
25656
25663
25664
25669
25671
25671
25672
25675
25678
25680
25681
25682
25694
25694
25695
25696
25700
25709
25721
25724
25725
25730
25731
25733
25736
25737
25737
25740
25742
25753
25757
25758
25759
25760
25761
25762
25766
25767
25771
25773
25778
25785
25786
25797
25800
25804
25811
25812
25813
25819
25822
25829
25830
25840
25840
25840
25841
25843
25843
25844
25853
25854
25854
25854
25855
25858
25861
25862
25869
25875
25878
25886
25894
25894
25900
25903
25906
25906
25908
25910
25913
25919
25922
25924
25926
25934
25943
25948
25951
25953
25955
25959
25963
25967
25970
25971
25972
25972
25975
25976
25984
25986
25991
25992
25994
25999
26006
26007
26009
26010
26013
26014
26018
26019
26021
26026
26031
26035
26037
26046
26048
26054
26054
26059
26059
26059
26060
26062
26066
26070
26076
26077
26079
26083
26085
26086
26093
26094
26097
26098
26099
26100
26103
26106
26111
26112
26114
26126
26130
26130
26134
26137
26137
26138
26139
26143
26152
26163
26168
26174
26176
26180
26181
26187
26188
26197
26198
26202
26212
26212
26215
26215
26215
26217
26232
26233
26234
26242
26243
26247
26250
26253
26259
26268
26269
26270
26270
26271
26279
26282
26285
26296
26296
26297
26297
26297
26298
26299
26301
26307
26309
26313
26313
26315
26317
26322
26323
26326
26328
26329
26332
26337
26339
26340
26343
26344
26367
26377
26378
26387
26388
26392
26395
26396
26402
26408
26411
26413
26413
26419
26421
26425
26426
26426
26431
26434
26444
26444
26448
26454
26455
26459
26464
26465
26469
26473
26474
26475
26481
26487
26488
26490
26491
26493
26496
26498
26505
26508
26509
26510
26513
26519
26523
26523
26524
26531
26532
26537
26537
26539
26547
26551
26552
26554
26559
26562
26562
26563
26572
26575
26576
26578
26582
26585
26589
26592
26594
26596
26597
26602
26605
26606
26614
26614
26618
26619
26629
26630
26646
26648
26651
26654
26654
26655
26660
26673
26681
26683
26684
26684
26688
26690
26691
26698
26707
26711
26712
26717
26722
26723
26724
26727
26735
26736
26738
26741
26742
26742
26747
26749
26749
26754
26755
26761
26762
26764
26765
26766
26769
26773
26774
26787
26795
26800
26801
26803
26809
26815
26815
26818
26819
26820
26820
26821
26823
26826
26831
26832
26837
26841
26845
26846
26847
26849
26851
26856
26856
26857
26858
26860
26861
26862
26864
26867
26868
26869
26871
26873
26883
26893
26897
26897
26904
26910
26914
26920
26927
26933
26936
26938
26939
26955
26958
26960
26966
26968
26975
26979
26981
26981
26982
26983
26985
26991
26997
26998
27004
27010
27011
27013
27014
27017
27018
27020
27023
27026
27026
27026
27027
27034
27034
27043
27046
27049
27052
27055
27057
27063
27064
27064
27066
27066
27071
27074
27078
27083
27087
27089
27090
27098
27099
27101
27107
27108
27114
27115
27128
27134
27136
27139
27152
27163
27165
27167
27167
27170
27170
27172
27173
27176
27176
27181
27185
27187
27193
27195
27196
27201
27202
27217
27219
27219
27219
27220
27221
27225
27231
27234
27240
27246
27249
27250
27254
27256
27258
27260
27261
27263
27265
27268
27277
27280
27280
27282
27283
27288
27292
27294
27296
27297
27301
27308
27309
27316
27321
27330
27332
27335
27345
27351
27357
27359
27364
27367
27373
27377
27384
27387
27389
27393
27399
27404
27405
27405
27406
27413
27417
27420
27423
27433
27435
27436
27436
27438
27440
27448
27449
27451
27452
27453
27464
27466
27470
27471
27477
27484
27485
27486
27486
27496
27498
27510
27511
27512
27513
27516
27518
27519
27522
27527
27531
27532
27538
27538
27540
27541
27543
27547
27549
27550
27556
27562
27568
27577
27582
27589
27598
27600
27600
27600
27610
27610
27615
27615
27621
27624
27629
27632
27635
27636
27641
27642
27642
27642
27648
27652
27656
27661
27662
27665
27666
27668
27669
27670
27670
27672
27680
27681
27682
27684
27690
27694
27697
27706
27709
27714
27714
27717
27721
27722
27723
27723
27726
27731
27733
27742
27748
27748
27750
27758
27760
27762
27762
27766
27768
27770
27770
27770
27771
27780
27781
27787
27787
27788
27792
27792
27799
27800
27801
27802
27802
27805
27805
27810
27812
27815
27817
27822
27824
27831
27831
27836
27844
27845
27848
27850
27852
27858
27858
27866
27868
27874
27876
27877
27881
27881
27885
27888
27889
27892
27893
27893
27896
27897
27898
27899
27900
27903
27908
27908
27915
27924
27930
27932
27943
27943
27947
27953
27954
27955
27963
27963
27964
27970
27978
27983
27990
28000
28001
28007
28008
28014
28020
28022
28022
28022
28024
28028
28030
28033
28042
28046
28046
28057
28057
28057
28058
28060
28062
28070
28076
28088
28090
28091
28093
28110
28114
28120
28121
28122
28125
28125
28139
28140
28142
28146
28148
28149
28159
28160
28163
28166
28166
28172
28172
28175
28177
28177
28177
28180
28181
28182
28183
28195
28198
28201
28204
28207
28212
28213
28217
28222
28223
28231
28232
28234
28237
28237
28238
28240
28241
28247
28252
28262
28265
28269
28276
28276
28278
28280
28293
28305
28308
28308
28312
28314
28317
28320
28325
28328
28333
28333
28335
28345
28346
28348
28349
28359
28360
28360
28362
28363
28364
28364
28370
28373
28376
28387
28388
28396
28400
28402
28402
28406
28410
28412
28413
28414
28417
28420
28420
28423
28437
28441
28442
28444
28445
28453
28455
28461
28463
28466
28472
28473
28478
28480
28481
28484
28498
28498
28498
28499
28499
28509
28511
28513
28514
28514
28517
28520
28535
28538
28541
28542
28543
28546
28547
28548
28558
28561
28562
28564
28564
28565
28566
28572
28580
28584
28584
28589
28589
28591
28593
28597
28600
28605
28607
28608
28609
28612
28613
28613
28618
28620
28639
28646
28647
28650
28651
28656
28657
28660
28661
28662
28666
28669
28671
28678
28685
28687
28693
28694
28695
28697
28697
28705
28708
28713
28714
28715
28715
28732
28741
28746
28750
28755
28755
28758
28761
28770
28778
28781
28781
28783
28786
28788
28794
28797
28802
28803
28804
28805
28808
28811
28820
28821
28822
28824
28826
28828
28828
28832
28835
28841
28842
28842
28845
28847
28847
28849
28855
28856
28861
28862
28863
28867
28871
28878
28879
28879
28880
28881
28883
28884
28890
28890
28892
28893
28895
28897
28899
28900
28903
28903
28904
28910
28911
28913
28914
28914
28918
28919
28921
28922
28924
28924
28926
28929
28934
28936
28939
28941
28947
28953
28957
28960
28961
28965
28965
28966
28970
28982
28990
28995
28996
29001
29005
29005
29016
29017
29026
29026
29027
29032
29033
29034
29038
29041
29047
29050
29054
29059
29065
29073
29077
29083
29086
29088
29096
29097
29097
29099
29102
29105
29111
29117
29117
29122
29123
29123
29131
29132
29132
29141
29141
29142
29144
29146
29149
29153
29157
29160
29161
29164
29166
29181
29182
29183
29184
29188
29189
29195
29199
29200
29200
29200
29200
29201
29201
29203
29227
29229
29231
29235
29238
29238
29241
29243
29246
29252
29252
29258
29259
29260
29265
29268
29288
29288
29295
29295
29296
29301
29302
29313
29318
29323
29326
29331
29333
29333
29338
29340
29342
29343
29346
29353
29354
29356
29358
29361
29365
29371
29376
29378
29381
29387
29398
29400
29401
29402
29405
29405
29406
29411
29411
29412
29412
29413
29414
29414
29420
29422
29429
29430
29431
29434
29438
29447
29450
29455
29462
29465
29470
29473
29473
29475
29479
29481
29485
29500
29501
29502
29513
29513
29514
29516
29520
29528
29536
29538
29539
29540
29543
29547
29548
29553
29555
29557
29566
29567
29579
29583
29595
29597
29602
29606
29608
29608
29609
29611
29617
29624
29629
29637
29641
29645
29648
29655
29656
29656
29665
29665
29667
29667
29670
29679
29680
29683
29690
29698
29699
29700
29705
29710
29710
29712
29713
29713
29716
29722
29725
29727
29728
29731
29732
29733
29736
29738
29740
29741
29742
29746
29747
29756
29764
29767
29770
29773
29774
29777
29777
29778
29779
29781
29785
29787
29795
29797
29799
29800
29802
29804
29808
29814
29823
29824
29827
29829
29835
29836
29839
29841
29846
29849
29851
29860
29861
29866
29867
29874
29875
29876
29881
29882
29882
29885
29885
29886
29891
29891
29892
29893
29894
29899
29901
29906
29906
29907
29916
29919
29921
29922
29927
29928
29928
29933
29947
29949
29950
29964
29967
29970
29973
29981
29986
29998
29998
30002
30008
30012
30020
30035
30037
30042
30043
30050
30060
30070
30076
30088
30089
30097
30110
30119
30122
30124
30129
30132
30137
30139
30141
30154
30158
30162
30168
30172
30174
30181
30183
30190
30191
30193
30195
30196
30203
30206
30209
30217
30219
30228
30236
30239
30242
30256
30263
30265
30270
30272
30274
30274
30281
30281
30282
30287
30287
30295
30296
30300
30302
30307
30313
30320
30320
30320
30320
30321
30322
30322
30322
30326
30329
30329
30331
30334
30335
30339
30341
30345
30346
30347
30350
30358
30366
30368
30370
30372
30383
30384
30392
30394
30396
30399
30404
30404
30406
30409
30412
30423
30429
30431
30432
30432
30432
30434
30437
30439
30440
30444
30445
30446
30448
30456
30456
30458
30462
30468
30474
30475
30482
30483
30484
30497
30499
30500
30512
30515
30517
30518
30520
30521
30523
30524
30524
30525
30528
30528
30532
30535
30543
30545
30546
30551
30554
30561
30562
30565
30570
30577
30577
30579
30589
30590
30592
30594
30597
30606
30608
30609
30611
30623
30623
30627
30628
30629
30629
30629
30639
30641
30641
30645
30647
30649
30656
30662
30665
30673
30674
30675
30675
30680
30682
30686
30690
30691
30692
30697
30698
30699
30705
30710
30712
30714
30714
30716
30716
30723
30728
30732
30732
30734
30734
30736
30743
30746
30752
30757
30764
30768
30772
30774
30777
30778
30782
30783
30784
30786
30789
30791
30799
30802
30802
30823
30824
30824
30827
30831
30832
30832
30834
30837
30837
30837
30840
30850
30855
30855
30858
30864
30866
30871
30871
30877
30879
30883
30889
30890
30892
30892
30900
30903
30904
30908
30913
30914
30915
30917
30921
30924
30924
30926
30927
30928
30929
30936
30943
30945
30957
30958
30964
30965
30971
30976
30981
30983
30983
30985
30988
30998
30998
31000
31000
31002
31003
31008
31012
31020
31023
31025
31026
31030
31037
31046
31049
31050
31055
31056
31056
31060
31060
31063
31065
31066
31066
31067
31071
31080
31080
31084
31086
31089
31093
31094
31098
31104
31105
31108
31114
31117
31120
31126
31126
31130
31131
31136
31137
31140
31143
31143
31144
31145
31158
31161
31166
31170
31171
31171
31176
31176
31180
31182
31187
31187
31190
31196
31197
31199
31205
31207
31209
31212
31216
31216
31219
31223
31224
31225
31225
31227
31237
31239
31243
31252
31253
31261
31264
31267
31269
31279
31284
31285
31292
31294
31299
31301
31305
31305
31308
31309
31316
31316
31320
31322
31325
31326
31328
31330
31331
31333
31336
31337
31349
31349
31352
31357
31361
31362
31371
31373
31373
31381
31384
31386
31399
31400
31402
31404
31404
31405
31407
31411
31426
31427
31428
31431
31434
31436
31443
31445
31447
31456
31463
31463
31471
31473
31473
31479
31481
31482
31489
31500
31500
31501
31505
31510
31510
31510
31518
31519
31526
31528
31528
31530
31534
31541
31547
31551
31554
31555
31559
31562
31564
31579
31579
31595
31596
31597
31602
31624
31624
31625
31626
31627
31629
31633
31637
31637
31637
31639
31641
31642
31649
31654
31657
31658
31659
31663
31664
31664
31670
31671
31672
31674
31674
31681
31686
31692
31697
31707
31712
31714
31716
31717
31719
31721
31721
31722
31734
31735
31737
31741
31743
31752
31753
31753
31754
31754
31756
31758
31759
31762
31765
31780
31782
31782
31785
31787
31792
31794
31801
31802
31802
31804
31809
31809
31809
31811
31812
31813
31814
31819
31840
31842
31842
31848
31849
31849
31849
31852
31853
31853
31856
31863
31866
31867
31871
31872
31873
31874
31877
31882
31882
31884
31886
31886
31887
31894
31897
31899
31902
31904
31904
31906
31923
31927
31929
31936
31936
31937
31937
31940
31947
31950
31952
31954
31955
31956
31957
31958
31958
31959
31960
31966
31968
31971
31977
31979
31981
31989
31994
31994
31995
31996
32003
32005
32007
32015
32018
32019
32021
32023
32024
32028
32032
32035
32036
32036
32039
32040
32045
32046
32048
32048
32058
32058
32064
32068
32073
32074
32074
32079
32093
32096
32103
32103
32104
32107
32110
32113
32117
32117
32129
32131
32131
32132
32135
32136
32137
32141
32144
32144
32146
32147
32158
32158
32161
32163
32164
32164
32166
32170
32173
32174
32176
32179
32187
32190
32192
32192
32195
32197
32206
32208
32209
32211
32211
32220
32220
32221
32221
32223
32229
32242
32244
32251
32252
32252
32253
32260
32264
32265
32272
32278
32281
32284
32288
32297
32298
32300
32301
32302
32311
32312
32315
32325
32328
32330
32333
32337
32338
32339
32342
32344
32347
32351
32353
32358
32360
32360
32361
32364
32364
32364
32365
32377
32378
32379
32381
32390
32391
32392
32392
32399
32401
32403
32410
32414
32421
32424
32431
32432
32435
32437
32437
32447
32449
32450
32453
32453
32461
32461
32465
32473
32474
32477
32480
32496
32502
32504
32515
32520
32522
32523
32527
32527
32528
32542
32544
32546
32549
32550
32550
32551
32555
32560
32561
32566
32572
32574
32575
32576
32576
32576
32579
32586
32587
32588
32589
32591
32593
32593
32593
32605
32605
32608
32614
32614
32616
32616
32616
32619
32619
32620
32626
32636
32640
32641
32646
32647
32652
32658
32661
32664
32667
32674
32677
32679
32680
32685
32687
32687
32693
32696
32700
32701
32705
32705
32705
32708
32709
32709
32715
32716
32717
32721
32727
32727
32728
32728
32731
32740
32744
32744
32747
32748
32753
32755
32755
32755
32758
32761
32763
32764
32764
32767
