100
66
147
466
554
1453
1553
1597
1925
1977
2347
2720
3666
3747
4172
4223
4767
5610
5901
6162
6514
6929
7339
7696
7709
8196
8358
8422
9038
9142
9348
9745
9784
10425
10775
11411
11902
13260
13348
13355
14223
14415
14857
15230
15374
15853
15869
16120
16498
16990
17325
18314
18602
18868
18885
19005
19334
20150
20163
20207
20228
20292
20618
20993
21382
21886
22500
22791
23176
23592
23611
23897
24079
24118
24133
24297
24707
24907
25056
25179
25921
26519
28078
28534
28602
28884
29056
29077
29206
29279
29641
30116
30193
30352
31100
31811
32406
32545
32652
32700
32752
