1000
74
106
177
217
263
302
324
332
365
372
386
403
413
469
486
488
491
512
527
601
666
705
728
767
783
819
871
885
912
922
924
958
972
1005
1034
1039
1125
1147
1265
1296
1323
1344
1350
1351
1366
1371
1379
1399
1410
1509
1549
1591
1684
1732
1769
1827
1839
1876
1894
1959
1980
1992
2019
2036
2058
2071
2092
2195
2200
2201
2227
2271
2312
2324
2324
2326
2337
2383
2394
2455
2479
2527
2600
2691
2742
2742
2831
2835
2846
2850
2891
2916
2985
2995
3077
3091
3133
3165
3169
3192
3245
3273
3287
3320
3383
3422
3439
3441
3474
3479
3480
3495
3544
3623
3661
3677
3771
3836
3847
3888
3912
3930
3994
3999
4052
4059
4082
4106
4110
4113
4187
4213
4303
4319
4359
4365
4377
4383
4427
4439
4483
4500
4501
4507
4560
4599
4603
4647
4669
4689
4708
4730
4752
4760
4804
4811
4822
4957
4989
5056
5123
5139
5165
5235
5285
5318
5383
5427
5430
5460
5468
5530
5597
5618
5624
5753
5772
5799
5859
5925
5961
5974
5975
5993
5998
6033
6047
6057
6126
6128
6194
6217
6238
6250
6268
6274
6319
6332
6406
6418
6436
6490
6503
6510
6511
6514
6516
6536
6576
6632
6691
6713
6753
6755
6852
6867
6875
6914
6959
6986
6993
7005
7016
7173
7192
7223
7229
7235
7256
7258
7266
7279
7343
7407
7475
7527
7573
7601
7618
7675
7723
7770
7813
7860
7916
7963
7968
8020
8059
8081
8093
8120
8166
8182
8189
8229
8239
8270
8359
8403
8419
8469
8558
8587
8644
8670
8741
8746
8756
8776
8796
8804
8851
8958
8965
8971
9123
9179
9183
9217
9245
9313
9313
9373
9379
9379
9504
9615
9618
9632
9676
9683
9692
9791
9875
9883
9913
9922
10020
10026
10085
10146
10148
10158
10188
10232
10235
10263
10307
10310
10321
10398
10416
10416
10484
10525
10559
10567
10577
10588
10596
10641
10666
10703
10835
10839
10854
10871
10909
10951
10977
11013
11025
11091
11102
11148
11149
11171
11182
11185
11188
11232
11263
11433
11495
11522
11549
11612
11640
11696
11719
11803
11804
11858
11876
11939
11954
11960
11982
12026
12077
12087
12115
12240
12338
12376
12428
12441
12455
12467
12494
12572
12573
12574
12662
12671
12707
12708
12870
12876
12893
12920
12948
13006
13069
13091
13120
13144
13193
13194
13233
13243
13276
13287
13314
13351
13355
13385
13409
13434
13438
13448
13491
13523
13552
13585
13599
13604
13643
13748
13757
13771
13776
13816
13820
13913
13943
13957
13961
13982
14063
14121
14124
14148
14192
14279
14333
14341
14368
14394
14395
14425
14432
14439
14444
14466
14485
14487
14530
14569
14668
14725
14758
14768
14784
14842
14854
14886
14888
14894
14902
14934
14948
14964
14979
15052
15058
15078
15115
15251
15253
15276
15287
15311
15327
15359
15393
15396
15426
15435
15486
15492
15539
15560
15595
15718
15731
15743
15753
15767
15770
15805
15873
15885
15904
15905
16014
16041
16062
16107
16130
16147
16197
16214
16246
16264
16293
16367
16396
16411
16442
16452
16475
16507
16524
16584
16591
16605
16652
16659
16671
16681
16726
16783
16805
16846
16885
16935
17009
17117
17150
17182
17241
17248
17253
17261
17262
17272
17291
17319
17406
17431
17458
17562
17572
17576
17577
17596
17620
17629
17665
17669
17725
17727
17758
17823
17852
17861
17868
17884
17928
17931
17938
17969
17969
17996
18041
18105
18108
18185
18232
18294
18340
18344
18358
18395
18427
18530
18530
18560
18582
18595
18604
18642
18646
18676
18680
18726
18731
18767
18767
18768
18793
18796
18808
18822
18834
18849
18892
18898
18940
18952
19032
19117
19143
19153
19300
19307
19315
19338
19407
19466
19485
19493
19513
19558
19561
19604
19621
19863
19869
19870
19911
19915
19933
19975
20025
20040
20175
20326
20358
20422
20435
20449
20455
20474
20474
20514
20549
20551
20578
20661
20710
20727
20762
20808
20853
20854
20900
20907
20926
20927
20927
20938
20942
20957
20963
20982
21024
21025
21033
21069
21077
21084
21094
21175
21243
21279
21280
21317
21321
21361
21392
21493
21505
21511
21550
21551
21575
21655
21676
21684
21709
21710
21723
21779
21788
21838
21940
21950
21982
21990
22035
22086
22091
22103
22125
22128
22139
22214
22226
22235
22255
22367
22399
22420
22422
22475
22476
22495
22514
22522
22545
22576
22603
22622
22665
22670
22689
22707
22744
22749
22753
22763
22804
22805
22831
22832
22883
22884
22886
22900
22968
22994
23043
23052
23167
23197
23216
23268
23274
23294
23295
23328
23335
23400
23410
23468
23645
23648
23662
23683
23741
23743
23761
23786
23787
23825
23849
23872
23893
23906
23968
23994
24007
24127
24152
24164
24243
24246
24278
24393
24399
24419
24426
24449
24470
24494
24523
24533
24642
24670
24672
24685
24697
24738
24778
24810
24810
24813
24934
24977
25020
25082
25323
25346
25377
25453
25526
25532
25613
25620
25678
25696
25698
25721
25780
25793
25798
25811
25816
25848
25906
25987
25998
26004
26093
26131
26170
26185
26196
26230
26278
26527
26528
26537
26587
26606
26625
26690
26708
26709
26723
26735
26773
26786
26786
26834
26861
26882
26918
26920
26925
26931
26953
27038
27053
27111
27144
27165
27218
27225
27261
27283
27364
27450
27464
27465
27509
27511
27587
27605
27691
27693
27698
27716
27718
27822
27833
27882
27903
27926
27974
27986
28005
28068
28096
28098
28117
28191
28223
28285
28316
28393
28439
28448
28518
28544
28553
28575
28579
28611
28651
28679
28723
28749
28768
28780
28789
28808
28892
28899
28947
28954
28994
29035
29060
29098
29102
29141
29215
29274
29281
29364
29392
29413
29421
29431
29491
29494
29496
29501
29507
29530
29558
29579
29603
29615
29626
29657
29659
29666
29725
29758
29845
29857
29914
29938
29962
29984
30090
30120
30185
30206
30215
30268
30291
30361
30376
30404
30433
30467
30499
30512
30532
30640
30643
30668
30694
30698
30728
30773
30803
30855
30864
30911
30938
30944
30961
30984
31017
31057
31065
31081
31096
31109
31128
31140
31219
31305
31321
31328
31393
31413
31424
31431
31440
31473
31486
31561
31611
31669
31691
31703
31814
31987
32039
32067
32125
32223
32281
32283
32290
32480
32496
32499
32540
32595
32604
32740
