1000
5743
31472
30767
6052
27995
8927
9610
7762
12881
14655
25058
23843
17298
8354
19854
23265
5457
8888
22671
8283
17072
3442
31519
24238
10987
11110
23692
19139
28371
7030
23623
21017
25215
19372
12600
3269
18238
7017
4949
4279
25039
26815
9075
2622
16597
3355
1372
15823
18309
3367
24609
22274
20642
32750
14514
10461
32171
28994
23211
17237
1619
17242
17265
530
7217
21440
17278
30835
14009
26475
18937
24274
23403
8743
3722
25865
13898
3390
3436
3636
5776
29009
2500
31161
9120
1927
2609
15750
24124
17898
932
13722
16888
19213
9842
27847
6894
11506
423
694
25524
12076
28830
13099
16267
9281
1742
25226
25817
32338
28135
21403
3034
21246
27166
27274
13714
22147
30916
8498
24326
4646
15646
4250
29867
22998
12145
13248
6687
17676
16988
18326
6679
12021
29290
27723
4761
467
29672
27595
12651
20897
29428
18825
5323
2549
6615
32636
9312
13099
20885
3175
30321
4800
28866
14174
5461
11004
19606
11398
14634
24020
24644
22300
18890
14094
32392
7353
15611
8614
16767
24020
9446
3185
11452
24456
715
16896
13720
663
12786
30663
9673
27568
32485
22654
3127
237
16092
3528
12299
24736
31609
3347
14856
13647
1717
11199
2078
2813
2843
16002
24380
2475
27700
18443
28519
14623
2882
31461
24073
12772
17456
4767
19083
24466
14026
18474
293
14416
12330
25986
20469
3478
18546
15504
12879
23096
2241
1360
18005
12704
11615
26415
16583
13402
22587
12727
21276
11735
18328
2157
14289
16234
25859
1530
22785
15511
16520
6794
17718
7309
19493
10610
26239
9457
27519
10773
12226
12765
11220
20488
13396
16169
14385
32372
24007
5865
24037
2748
13315
18742
13621
4704
27544
20786
16977
26658
11859
2886
8839
23655
21008
24750
6583
25823
29134
19512
5127
26472
7433
7240
28631
11312
4420
5664
9208
15130
12773
24158
5656
10340
12869
19142
13697
5254
9736
322
11780
25437
27562
2087
18223
28296
9563
11194
17351
14099
13325
23795
21874
23122
26827
28033
30899
19984
24652
19725
19739
10218
15560
11203
15806
29685
12810
9743
3557
24231
6087
23972
7682
13812
30254
9155
31977
1463
16576
6330
6460
21332
13154
25771
10023
15515
1456
28046
3662
32240
26773
11897
29700
9129
536
5151
13758
27320
23417
664
26567
5258
30077
26720
11317
12847
30470
673
30235
10938
10726
14005
3328
235
14837
9446
25744
7179
27234
22649
7314
6168
13638
14572
15642
24866
2431
8315
768
7669
6843
15337
20624
11768
30675
6012
5763
15957
23387
32074
18735
14938
27255
2227
13818
6944
21999
4911
19732
23146
4486
24138
13158
3279
5512
7916
12485
26396
24227
19934
20076
13044
8183
24970
14761
30393
23408
21762
16086
21680
21588
8260
28811
25951
4120
1469
20242
4410
22904
22795
1051
11647
31175
8967
1713
24671
7299
18179
15213
4190
4396
3408
25834
25340
24406
14084
30840
3733
24830
32505
11029
902
22298
11289
19097
12433
11379
6361
14128
26243
23223
21508
4365
7955
9674
16058
28253
11022
8542
19384
11642
2993
13507
17370
14178
31574
4352
13277
18023
26964
19746
26474
1320
27936
7380
5456
6591
29880
21808
8466
28988
12865
13269
5537
24403
3310
7226
15722
26193
6437
16194
31635
15188
23517
24848
19074
23228
23883
12572
928
16605
20157
26758
21596
6902
18374
8875
1138
1127
24219
9207
29037
9246
8125
762
25450
15955
10456
26557
7968
3701
27371
21846
22813
32100
22442
12730
28242
2016
32289
32723
1490
26946
23193
32722
32727
24169
23999
10695
22022
5368
28419
13934
20724
6847
28223
10828
14056
24950
30873
5883
22499
10929
29866
1731
6877
28688
10720
18026
28754
7094
26400
332
19965
9469
31920
25518
6116
25960
3413
14159
6804
14810
31416
11840
31406
17413
28942
20470
15778
24612
22008
15518
20411
8941
7848
15024
11100
29633
20806
17095
1417
5927
13714
32176
9128
15736
30922
26816
16009
27100
18638
5227
5797
17780
10882
12563
7587
13017
3956
24094
22817
13766
28351
28491
25264
785
25903
7238
10528
19680
8357
20090
22271
7961
6845
294
604
24602
26287
26547
2512
18859
5747
20037
17088
28208
31529
26768
23772
7716
17591
749
7915
16834
17588
18860
24779
31493
22661
6828
26291
9171
16069
5418
444
31861
23531
23511
6560
7755
12838
15661
961
1726
4236
13826
19309
20085
15732
606
20320
24780
8224
12426
22666
18306
11680
27241
3603
24241
7410
26891
27293
1284
9838
18048
5833
7204
21090
8682
19708
28019
6905
18902
10851
18173
25953
24781
4404
25772
5676
12325
55
31163
17655
7453
902
28268
21322
29738
8849
9726
27328
32395
28516
24793
9832
5667
6957
3853
27498
11144
13304
9978
13550
29272
28606
21584
22329
10188
10398
4923
32281
10127
28266
3031
27268
17104
20837
16874
13180
3478
19019
27858
3637
5715
25490
3004
24954
15293
2032
2583
10317
5337
6685
2121
26574
8024
14810
7328
15454
10279
23090
8331
16899
8770
3328
24074
23566
24521
10161
12643
8188
24917
9547
29463
26523
12172
27054
15892
20078
29427
18971
26156
7761
15876
32498
12998
28512
15745
25280
12755
32534
17159
8824
14084
690
24038
17153
23354
30943
30256
8177
4159
16019
7696
18329
7347
27448
3421
22593
5193
14346
31599
17076
8243
30400
19250
5632
11226
23406
15736
14455
18899
7594
7572
12793
25870
13550
7204
27510
4689
13373
19502
1966
5605
2313
30319
14651
29072
8533
14063
14802
3779
15639
6361
18118
22803
28384
9354
18125
23789
4030
5096
32007
16006
10850
8437
27964
7442
8574
8868
21862
13878
5489
27627
24687
23999
19750
8473
30267
7572
9785
30570
19689
4585
20572
4824
8022
21942
22522
30261
11491
4968
17434
14711
26233
3542
19333
31315
27850
13686
25899
15117
17369
7633
14275
9102
24508
26420
11442
22711
28320
28841
10798
24053
1039
26149
14499
13589
2414
32515
5973
12378
6090
177
1096
10957
7892
22954
15197
6869
32041
26788
28861
13063
28119
17418
19066
1343
28445
5548
7540
23536
1651
24246
29050
15800
1482
14302
4274
20280
13845
25058
9787
1826
2824
14898
12304
26771
17440
26601
18480
14244
7907
21762
2300
23612
32361
18377
4320
26408
11291
12431
26933
28013
5563
32674
21606
11740
11429
