10000
6013
18258
13544
19028
12091
4594
29365
15911
14674
31548
30577
26725
8829
21575
18919
1664
31994
18095
3153
5270
27638
25147
25454
26685
25414
11709
21461
26752
3927
16186
2441
1829
31080
8011
15821
24370
15350
31683
12090
7343
23416
28050
24590
4524
5965
21994
3783
7302
18163
5792
7409
17255
6009
10708
22588
10508
15671
23764
22993
16075
28092
12862
28646
22484
13832
12133
17808
439
252
6390
15577
17958
25102
25308
12051
14844
30785
22368
1900
32127
32085
14741
27586
4578
21818
26355
26552
10255
12747
15426
19977
19619
7865
16826
17436
5433
2501
25192
11225
13035
6963
13011
24508
3606
29307
2784
29991
20318
6977
30451
30973
31218
20103
17495
23148
31505
21538
11488
30730
21198
6250
26062
804
14864
18998
5621
11602
27100
5384
30491
21583
26583
19332
9890
8200
31750
5671
26983
18163
13273
31285
26345
27810
5736
19699
8110
20120
28156
26391
8930
13147
19153
11389
18242
20427
8986
15387
27448
5809
13382
23607
71
9883
2434
30423
26026
18920
19327
14970
22072
15647
15733
13061
28043
12165
2920
28416
2145
12782
19882
1282
1090
2003
26017
3434
8804
3749
6090
25680
4555
12129
1790
18364
25780
3685
29940
9749
30004
28034
27656
12508
32029
29778
13882
1946
25889
21195
17786
3862
3898
29205
28963
18636
8265
10137
11461
16027
3325
7771
7207
22206
28150
27273
10380
9213
24362
31572
31542
1572
28296
24318
297
11957
24028
3380
23601
24026
15347
11167
25894
27549
6399
182
9071
29019
23100
2262
24005
10102
28884
24980
10297
19275
30721
32594
4985
8548
32369
24848
24911
26606
32494
13957
25194
19821
19518
11374
24929
16302
29768
21287
16117
9981
24185
21368
9111
24985
10598
26033
27178
4965
2995
16121
10249
7648
15411
26851
30284
21591
9552
14146
24647
16474
26542
20543
6996
2668
28683
31400
27603
23294
9322
9867
23406
18335
27760
25604
9378
8301
6414
15443
30586
12751
28512
8497
31646
20070
23253
26213
13197
13632
2705
31122
9511
10319
32271
19539
27502
18202
17675
9353
5517
435
30367
18164
30490
14313
9132
12289
19864
22718
18555
20195
24384
5660
420
30437
30465
195
2095
31487
25029
8326
14586
10151
20726
23735
11098
3817
17984
18656
6917
23226
27801
10675
10544
6538
639
17988
14580
14616
14721
22902
27382
9098
12033
14259
31815
12989
25144
31969
3209
28122
19323
22161
3924
17706
30908
15993
27864
16427
21331
14628
5571
20963
29439
27880
3685
18292
8743
9497
13585
1265
30566
5500
18375
1136
10311
29182
27921
19296
31053
11942
17451
18973
28471
31689
16486
22978
9601
21117
21454
19519
28206
9551
11531
17067
7877
2361
3205
15835
11930
27342
29900
7475
2638
9144
14902
32700
16537
1124
13770
15223
27719
9724
8028
24305
32641
6294
21242
28952
21582
16811
1415
25421
9818
32458
11430
27066
23029
24717
7642
11750
13406
4557
10475
3974
26946
16146
12683
26519
8576
4685
3129
425
24367
5834
8806
16254
25314
6496
8662
6867
30250
22763
15178
31102
16221
6908
13404
1977
662
30926
20650
3262
29693
30844
22070
28052
32585
18034
12557
21032
10371
8993
31271
8351
27148
22776
25999
17131
13281
20111
23491
27292
28702
2341
16990
18169
12481
13132
14324
24912
27313
31715
18238
5002
25087
24901
21879
19714
11115
15552
20485
6552
26410
8777
23900
7937
6374
26733
5408
1121
16647
27787
905
30747
6961
26433
31756
18407
9741
25892
32568
16166
22605
14260
14302
16243
9962
29327
21364
18299
16560
18660
14779
23566
8957
24363
26528
1910
27590
25875
29024
25351
3290
3004
28656
24311
17515
11303
23964
15472
32458
12779
9710
28132
1394
7721
27857
20897
8008
14017
20726
31397
1569
13766
11639
31667
21893
3376
7867
26790
22195
4817
20121
518
19940
10379
19392
16089
11476
13503
28758
10427
20095
32520
7135
15921
8232
17706
17505
20283
23456
7237
8901
2088
14021
29263
32385
7854
11337
17344
23668
21818
16821
22927
5393
18565
28333
9054
5568
15208
2421
498
20865
21745
23732
5605
9427
1206
19064
26271
12500
361
8315
30082
29097
5549
421
4453
5152
12072
2257
32324
20116
25562
2260
17717
16658
25005
3515
16542
8377
31821
853
14502
12903
19769
9458
9193
22674
6683
6761
24688
14451
30037
26208
30944
14954
19676
2503
18929
27038
23369
166
7202
30436
12077
31769
1452
25314
15525
32152
10420
4980
11567
14204
8644
22606
25020
22207
14972
8931
23303
6660
13445
30086
31780
22999
16583
19919
23388
26165
30428
3649
5432
23887
24772
11049
21980
24459
28378
7881
3222
17612
26630
26806
32183
14067
10805
7295
9890
21926
20230
17295
10274
18256
2246
5717
11009
23400
19359
20642
29398
8695
5900
9554
4894
7252
29584
5422
31374
27442
30888
11537
18600
7645
28414
28490
8589
1729
25311
27714
29714
14636
15087
20063
26133
5205
10012
23847
23314
32668
31696
15273
18673
15379
19819
26136
20258
28478
24560
12986
17388
19223
16126
23040
11266
30549
4611
18935
20568
8174
172
18655
26164
19675
15264
11032
32136
26395
32109
8262
10623
3834
6082
23469
5974
10131
24800
7133
1901
15252
5451
21908
23710
8001
453
1504
13773
29628
2428
28548
17856
28547
23683
18333
23857
4154
29311
5509
23330
6571
7587
18936
30577
1547
18910
20853
7084
19326
15442
9703
15910
6878
26377
9093
29515
31672
9443
9463
10544
27032
29139
10938
16751
22151
29515
4549
32049
14033
25845
7533
28556
31244
15780
22662
27152
5461
8330
4555
6044
733
28331
30592
14710
23205
3217
5717
15003
26757
12354
16270
3412
25459
19311
6753
1802
10754
26094
25759
11867
10281
31851
9879
12142
19014
14170
24120
27267
8546
3631
25973
20686
7351
10962
6126
901
31855
8525
31692
26936
25007
20424
29164
11617
8148
31416
12609
24124
13053
31059
4467
7384
32713
1607
26828
4974
16482
2219
341
9715
17082
26934
26940
4329
23572
18351
8825
27258
13767
9380
30129
14791
22334
21343
27739
6270
4420
18454
13857
4778
11902
5730
32137
14544
3385
13298
28628
6199
1639
21377
31783
3463
17891
27653
3560
9622
30717
16426
18027
126
28722
31230
31182
27379
11579
12014
29473
8659
24138
24561
17354
29695
19856
18947
8744
13930
21506
6869
7031
15983
14941
24003
7412
22120
11111
13574
6209
24700
7032
13099
18186
7096
18746
26819
20969
16225
15277
31325
24199
24713
24942
21169
18693
21985
13624
17694
3226
3534
2987
13399
8061
2751
28236
4441
17925
31165
10190
18080
8462
5956
26000
25498
31648
22097
4710
7260
7115
32188
20124
29076
6869
12232
10552
5310
2200
4089
32384
23707
24101
31525
8124
24031
941
1486
10301
31786
28066
13487
9118
1850
5401
9109
26954
14431
20339
3696
20798
9263
18748
28842
9745
29818
10323
11959
30769
32385
6475
32238
13935
2402
19474
32407
12222
22743
9168
15429
25143
20512
7698
2150
15201
16702
13608
25368
11696
15458
16843
26174
16203
29605
8196
26323
30226
1785
6985
16511
17632
19552
26088
32616
24077
26716
8105
23627
3896
19110
12206
16075
2627
25378
30111
14857
16286
8979
5636
14196
11721
7820
26098
17379
18964
25127
14826
13025
26282
20728
7166
3143
14797
7876
11573
30737
27235
14959
13873
7274
17842
15540
11023
8713
616
12057
9871
21184
13534
16161
8309
1618
22685
12739
25391
20870
4898
11035
1207
11129
5086
7776
26299
32056
13697
31254
508
20366
17528
25732
244
2843
3764
7273
28091
32422
8366
20971
30507
8117
21416
3024
4419
14682
4405
27888
29897
32079
28667
28138
16947
11077
3512
24343
19400
17018
19075
18108
19203
29066
18773
28548
1336
14471
22983
15149
9081
29003
12061
3457
16827
12813
2180
25480
31029
15923
11928
27388
27145
31079
27177
11773
2086
4333
22591
9990
12141
20276
16219
20768
17171
19883
18944
2133
23622
30933
19058
20072
19475
6816
27582
18371
29831
24307
29690
1201
15636
1670
31694
27341
9783
15350
16180
21179
16472
16153
27515
11797
2546
23183
3730
18856
30963
22425
2947
32737
13158
25646
14398
28546
15183
8012
2200
2713
4566
16269
27283
4531
5544
2042
14304
20301
8347
32547
24738
10123
10385
7280
13173
20525
26526
24498
26287
17598
20333
1789
18150
19214
19423
22202
11954
7139
6390
10232
11187
1004
12274
12547
29910
4342
4025
15416
5589
8034
25724
16663
29693
23511
21144
5018
4148
3380
26810
7621
10810
15049
32071
22399
10543
710
31483
28832
27990
13555
24784
24907
28440
1442
31009
21630
20300
27875
3087
8423
15541
1526
4388
17402
21196
774
9270
4928
21952
2324
16782
6130
28604
2097
3402
18630
21352
25584
10752
5641
26546
27
25252
31726
24782
1445
11180
3878
27259
29664
16241
14256
18313
20976
23001
3571
2712
5248
22323
3594
19490
2995
14946
5471
444
27997
24126
24187
23192
20340
22071
28444
17743
9921
16956
11400
733
7643
6619
2594
27373
22614
12969
1595
17752
30264
1508
26922
23784
27564
31063
31391
12129
251
12158
8500
24258
3767
8939
8261
18376
19002
4328
26626
25012
13903
30558
11202
19278
3118
10741
12955
10538
12462
17021
5679
14634
2486
28813
25544
16196
18420
27753
21416
12165
30930
4393
2714
14678
29862
25112
6605
6143
32041
32603
12514
19561
8235
19923
13892
9256
12933
22084
14776
12728
30542
8118
30005
6663
18258
2331
20469
23348
19647
26163
6092
28823
10018
25517
25785
30721
2962
30351
23227
15429
13611
23255
15845
18679
14783
25954
3253
27507
5831
11534
5282
17697
2720
20252
13556
21240
3572
21208
17368
3649
374
28795
18868
2718
25554
16208
1720
13642
9187
3862
30390
6562
25383
28838
18227
20197
15473
12757
29630
29496
25310
20636
31872
22509
11530
10614
27413
17156
24708
25866
6554
27122
20863
26890
28679
2466
10954
20571
3007
16314
29186
11894
1382
2335
7174
8718
18675
2491
17835
31475
13318
382
25777
30518
28283
4770
1270
23438
12607
15668
26090
27386
28514
13264
3139
424
5486
28076
7154
22294
21240
6615
3669
11127
8820
22467
6318
25688
846
22786
22228
23683
6710
20557
3624
27427
11195
20938
7371
26154
9499
2191
26894
9200
10073
25954
25898
16412
18577
10946
31538
10184
32649
31276
30021
12512
28040
18071
13832
16587
31339
20545
21843
17998
30453
3501
29995
2733
14695
9708
25329
7699
26704
24605
22744
25395
26535
11312
29597
32304
7191
10479
12402
10938
30874
19262
1851
15739
2633
2721
29948
21681
30323
14080
2706
31772
7916
23463
21410
18458
24743
21393
10704
11281
8327
29414
18481
4109
6771
27074
13058
27050
9897
17464
18330
23605
26964
11159
2205
9230
8288
19691
31347
20816
909
2247
9208
5556
27330
20546
1909
10675
11941
21312
10192
3307
30568
25587
28159
9668
28133
13217
706
1107
750
19623
28818
19583
16606
28094
8660
2914
23412
10877
3923
31730
29154
29983
13037
32480
14112
30087
4749
18880
29830
20865
30553
4459
6810
19019
9516
13217
21543
21332
9798
9203
20367
1603
32578
8160
12897
6203
24393
28223
27438
13405
8326
11741
21913
24463
11481
30566
25774
18812
6864
22153
18293
11996
5843
24151
15302
12534
27806
23788
862
18019
17653
29266
12083
10516
27538
3746
13573
26007
12643
7020
822
28565
16114
21593
1755
24480
27429
4879
22547
15915
27175
4693
152
32730
26790
27768
4243
5885
26431
22765
30133
15959
27190
27959
18563
24867
20843
25868
1009
17497
27785
13747
23347
21805
8065
28848
8656
16600
11063
14755
31224
14748
28282
21358
15639
3330
13114
2198
21162
28519
23541
29420
26962
8374
1395
26220
17958
20087
28851
869
7758
22281
18725
13274
11982
21035
6938
6184
1695
706
3704
9962
14084
5590
14770
1050
24091
21213
8439
21369
16306
8508
13738
2608
24669
1803
27155
951
22213
1304
11604
24054
18243
29743
25502
24746
15790
18329
11940
29707
22897
22755
6736
27308
32736
8417
437
8866
2252
497
16454
16872
6484
1924
837
4610
8447
16091
20350
16097
11528
3343
3892
32007
1529
9812
15452
23275
19323
2686
31497
16799
621
10949
14376
26800
18739
7365
8301
16718
9809
32457
909
7340
9528
29000
30638
4522
13663
18864
20763
26034
32662
25187
16957
31967
9624
11263
14279
5477
8159
25571
17712
21037
11708
5103
13670
22719
2982
16266
5057
1637
25555
25066
16693
141
11525
8592
27085
9328
27559
23825
28244
6641
2328
29980
5717
3528
13639
30649
7751
22239
1664
4303
30209
2812
19333
25577
17268
18081
17377
13113
32152
11313
12921
30686
13223
24147
32356
20322
21642
31131
22012
25223
2704
20840
2101
10563
32614
29704
2094
12297
7236
14883
20230
16970
6756
25942
4081
7740
30648
4638
29323
5594
9180
248
18284
16684
31050
31430
27388
9672
22221
21621
19080
30617
27960
21981
16278
22239
5463
2024
13686
12151
16934
11767
19738
7517
25409
28289
29480
31343
19356
28413
7244
31091
28788
26371
7123
29276
5253
28334
18550
17353
13182
3140
25459
28111
16818
17689
30179
18936
5136
13744
6215
1163
1109
29988
22628
15118
9600
18374
12625
25610
7302
25864
18894
25614
29000
21658
27863
29686
27586
9938
28793
15469
20869
3153
32485
19121
5991
4324
30147
17047
23417
32168
20424
29134
15161
9842
19595
10343
23049
9837
19092
31381
11232
20485
1974
20402
22592
21508
15264
25219
18792
25595
16558
5821
15306
21476
16133
18376
25023
32517
3550
29890
28538
29720
16162
28103
9018
11432
2360
26224
7620
21438
794
4505
7953
24509
26287
10856
31556
907
19797
3723
23519
15089
6844
19904
8501
30277
2555
21147
30755
10566
4317
2180
30715
16711
3452
8959
23745
18064
29202
27184
12698
11521
25355
12446
32641
6136
31583
22071
21564
5493
11038
31892
13710
5244
25677
20607
21679
6843
2544
3250
5625
32109
21864
6626
16612
8574
9727
28668
27700
1776
28354
7343
31345
9085
13967
4906
15000
20606
24174
10535
272
20491
8740
25896
19679
11620
1798
512
19742
31887
11532
19350
23210
15683
13862
14566
14877
25861
14291
26440
14845
21649
27375
23285
307
15483
3532
10439
8638
13590
11397
27968
17320
3477
17295
13518
31801
5744
28817
14669
9580
27402
9590
6350
18847
32400
4544
27031
30606
28708
13855
20331
4738
27195
22082
30219
29382
4419
15597
5372
27227
17802
1612
24715
492
15451
25735
3087
516
13418
4758
16750
7295
18801
26967
12770
19007
11036
19165
9213
12576
15139
22539
8939
9773
22197
9314
13048
8212
20253
23576
12113
11735
21920
4202
13583
17861
24228
7731
16241
169
16408
25276
22889
5441
3855
13014
2139
10225
174
18470
21537
17081
21065
6337
4178
2405
31945
19705
19140
32259
14161
18294
847
27034
3361
29576
4308
15641
2746
19899
22398
32398
17986
23212
13384
5784
18219
28
16832
4639
4368
29763
23050
11330
21983
14182
31271
13457
4925
19372
27256
9597
7974
7982
20605
32524
26580
23629
3555
14802
27363
5192
4286
26140
10162
30734
30995
19310
4364
4944
14233
7216
16904
15835
2496
4516
31277
14117
30451
1051
9434
8229
13082
21353
28645
18280
2660
13206
13699
31586
14915
12758
15720
22274
23480
1467
6447
15497
17104
682
8187
29339
30575
15756
19807
6038
11084
15045
1915
24356
20797
14442
4200
19980
14773
26798
9943
26702
22666
12446
6644
1390
6140
16143
21649
16144
23796
4052
9088
11717
8329
12084
15168
26661
17096
20891
16605
30750
31413
5007
23057
14987
1933
30182
2223
23816
1870
27190
21825
28165
5753
910
3312
13082
7447
8035
5797
14746
27898
6861
9070
21867
5445
26612
15907
533
3887
6084
32329
23064
10243
11241
25142
6275
19563
17655
5238
22722
6383
232
8302
2232
21433
7628
23103
16654
13211
13500
32238
30666
6227
8464
18881
16675
6157
26578
6124
4755
1577
13170
15212
15407
22335
14266
9268
3124
1632
4613
3719
20706
24479
31148
16805
11405
21456
21698
8617
28657
14736
1281
6322
28358
8070
259
6977
660
5096
3510
19426
12233
1344
11274
527
8457
8304
3820
14417
27845
20467
11640
9640
22799
16487
17770
1581
4524
3656
25046
22262
1131
255
14874
2362
22454
30491
32016
28853
12135
26590
23688
29006
13277
7675
27893
12280
3918
3998
11622
19158
21854
30637
19384
23714
2289
5197
30986
20303
13374
11945
25202
16877
18214
20463
8686
1486
12227
18330
15262
30439
24899
26359
31536
13176
15607
5602
17819
30448
4519
9425
13072
7179
9513
21
1325
2621
31793
10332
19829
4691
21611
5241
22525
32344
1223
24680
11879
22709
14357
28044
18196
11933
13777
22588
13462
20904
11584
26238
26980
23742
14012
21522
25554
55
32587
8115
22080
22848
21111
15769
8081
22657
30298
21314
10207
31741
3577
24690
30060
24633
30163
31097
3548
27808
20153
30388
30626
7974
10975
15702
28601
15148
4404
1384
10132
24483
19183
16655
8023
18549
12138
2318
28743
16160
25140
12939
7039
32420
14178
29206
12518
3744
12837
12263
25181
22968
20898
29031
22333
825
8189
31731
21504
16384
14263
5340
2622
13976
13115
690
9436
10914
15027
13250
25728
30586
9248
11741
24647
7703
22954
11099
16059
27187
31284
2400
31487
29356
26676
27486
2637
31019
15042
14299
30115
27907
17647
21109
15288
5468
10071
14115
3893
9872
8186
23229
17698
18133
3143
29887
1950
17949
20858
5706
8404
3386
7976
12907
29226
2118
16408
31648
27579
4162
27989
15000
6152
6141
22401
571
4074
8247
23148
25834
27340
14087
3814
3848
32534
1658
11985
27321
1772
13949
32634
12521
32025
9725
13865
2961
17990
16204
2806
11573
31344
27591
28127
434
25241
27318
4632
23606
32445
3955
17314
18064
10247
10959
15135
21930
9029
9137
25573
10067
14234
768
18513
27970
7538
30403
6237
10584
22971
4231
32373
32550
22867
17153
13959
16047
24764
25333
7002
3183
9239
12119
7712
19100
6992
9391
23630
10155
26262
8130
18347
30230
22286
4974
5287
12637
28616
21974
25327
21579
29426
18623
21566
25722
20299
24890
1398
22297
475
21124
7663
13037
16354
24618
26895
5014
32014
7024
11803
29204
8688
4084
14924
22153
1713
9103
20774
22336
1537
11644
30469
2287
15441
2236
18937
17465
18242
9656
23763
25719
6493
24361
18560
25528
13828
5685
26518
30726
27048
23002
28717
5612
21053
7568
24560
31797
19435
17194
28276
11509
5639
31742
31176
30670
17473
17733
8525
31084
20511
965
711
13394
24234
685
19893
9945
3687
22976
8414
629
24968
32437
26157
26683
6244
1502
8382
20128
4133
22025
24889
29828
31168
21412
21599
1391
32043
18212
8162
21274
7370
679
378
18481
27946
2775
25653
30807
29937
18194
24591
29035
18709
31945
22466
12809
14669
6694
10463
26964
8389
5106
8734
25587
12054
23221
13298
19034
15733
11039
3937
5195
1066
15782
10003
21916
17477
6513
18089
18490
14732
3701
13392
14190
26807
6878
4245
12383
7648
16304
26747
7129
12085
2222
11722
9548
22512
19323
2475
4888
16265
25087
15730
29703
297
25612
1467
17947
18275
9281
13240
31371
20511
29743
28873
31496
27862
29627
24653
5188
21253
28611
5049
27061
20699
5125
1255
22167
14901
29756
2736
24624
8653
12427
31676
7511
12974
14623
29593
14135
15852
29969
28171
26449
20625
20617
11427
5824
26074
30249
6803
705
2468
14249
8897
2674
32545
27070
11290
2522
16335
14145
12329
26154
26283
12173
8168
12098
23458
5161
2774
31351
21320
10663
15433
23188
30412
4043
17158
6430
18476
25840
5903
5341
5797
14504
20924
27031
5998
4515
11277
17695
30373
2770
14143
3471
29834
19403
925
15569
25323
24688
10649
5476
5855
13259
26907
5212
8887
12861
21273
17579
27698
22232
12648
22432
29424
10249
8402
9901
23337
26490
4456
621
4255
31030
8473
29413
5585
17935
1156
19723
21362
7485
29195
16772
31769
22855
17193
18610
22586
19495
16389
4078
3669
13993
18759
19474
15213
20244
21546
5435
28604
6924
27858
12237
25509
8375
13025
26295
30954
13087
1093
23288
23583
24023
19027
27746
23135
13282
7450
8093
16189
1488
12529
9584
20221
17194
16979
26428
12549
2832
29677
15561
24206
12321
21236
12101
27039
13211
30140
28042
12348
31683
26759
21920
20443
18824
23707
14211
27927
12643
19863
13606
9128
7041
4358
25527
12947
3876
1077
4645
14494
19783
19522
22752
5383
32385
23670
22240
16501
30763
14036
16360
12847
23749
6898
8204
9612
7062
5896
30833
21419
5011
12103
6484
30051
23938
3948
23885
8573
351
31380
10709
23329
6911
27986
22791
25743
12787
9727
28835
10768
18607
1873
19032
22827
26348
2351
4419
30747
9034
11204
14515
4481
28730
8403
20527
18519
12315
8010
22714
26661
21667
5401
32597
17783
3457
11076
24774
654
19008
20535
15000
3158
4975
15451
11619
25496
32511
9446
29773
1649
17388
4343
13777
3587
12576
1250
20927
21610
2964
30664
20612
14065
6072
18284
22444
18566
21013
7745
18341
2156
6960
32712
26310
28976
23218
28440
15759
29662
24007
25534
2099
13172
29892
200
24915
5271
5132
16925
2573
30085
31796
5136
29493
8779
11621
2356
27618
22840
10754
8817
6445
29585
19595
23895
6965
1670
13506
31923
871
4197
4108
16224
32764
1550
16665
31072
24770
21671
10951
17195
22816
11153
8772
13127
9044
8858
19571
22041
26880
4212
27282
22523
5349
9574
23065
5519
29166
7745
19429
1618
15216
9110
30357
13684
688
10534
18485
15591
3494
24986
23322
30390
4864
6772
12812
22680
30570
5190
32683
11717
28685
11041
32011
8968
11861
25425
5026
22805
30968
11847
24164
28958
22068
31703
17964
18337
11096
27556
15710
20868
30085
13016
24266
20323
32694
2584
29652
19241
14846
14263
9682
5085
5649
2601
24246
11199
3334
22203
7405
23700
12891
20610
16007
26174
30778
19345
1943
31631
2298
16495
26589
351
23017
9161
17314
17372
23369
26211
17380
5666
27032
12628
29107
4108
25621
12915
8411
24137
3199
3341
28099
22706
5152
17113
21141
21210
31242
10541
6047
23271
7841
15985
8954
23201
12377
29653
27497
20169
21953
16191
4739
2220
14529
2439
27157
11768
22303
19687
26818
27341
15432
30637
20972
2583
2126
26419
5336
26652
26669
3857
9996
29521
25426
8337
24060
12146
8798
18020
3046
28369
4903
18579
25595
13807
3583
11448
27071
32073
24634
9837
28594
17780
24554
27653
26928
12652
27885
17274
5014
6954
810
23463
15014
22132
16919
17847
7213
5625
3455
8926
12002
9885
11138
23111
20626
29970
989
27469
8058
4520
25707
12269
757
9830
28396
9083
10071
4953
5126
405
28952
9516
16265
20822
11061
6649
6647
12491
29907
26719
836
29867
12837
31957
10970
28738
1169
24893
26848
31151
3598
701
15548
32335
977
2506
5334
15225
21544
30853
17311
28524
25510
843
17875
5765
9600
22407
15867
2230
4919
17611
18741
2867
18295
31776
4407
10862
16448
22938
16274
28742
3139
27695
13876
19067
26511
12232
12593
13670
2924
11673
13763
32487
13703
30382
29327
13726
10832
11463
29993
6238
13985
3430
22747
6622
29856
13094
21154
19634
22502
334
15994
19322
17633
28070
4571
29018
14198
7306
22404
30378
15595
828
6263
17902
17669
1151
22085
7432
3693
15201
31371
20140
12888
26712
24509
14357
4967
13456
22306
16118
13260
16260
20512
27572
13999
10956
1210
29650
4304
6197
20311
18605
11373
19991
3525
32361
1126
30179
13693
7979
31391
10492
32041
16008
28070
16328
16227
24894
20886
5894
31424
3362
20539
16226
4877
5466
13430
19270
14296
30412
9443
12020
5171
22742
29114
26322
11188
1600
31219
22532
2240
29295
27566
8000
8201
7899
25553
16862
3414
29891
12531
29999
3459
26399
15737
28688
22984
28886
25854
31423
18494
17201
14585
12525
21918
14479
30873
10772
31820
24411
16372
31754
31893
12604
12897
19415
31285
19083
9250
24772
4893
13834
1863
28084
21363
8403
8142
1207
10969
2702
17167
26845
18162
17895
9816
12872
30498
23872
212
30853
32150
12194
1201
30493
29061
23034
29569
24678
5813
16514
20961
21151
20032
19581
32345
9020
1176
12839
12164
29823
16585
21228
7537
18760
14590
4056
23112
2862
4167
8271
7729
14030
8601
16638
2673
8803
31767
20241
10198
4760
29839
9126
9302
4506
28744
17282
5107
15472
19707
14083
14562
31375
2591
7766
5867
21417
5993
21994
22035
22471
27796
16165
14457
19863
20062
341
10110
6919
25811
22249
7208
7186
1741
15073
26313
23514
24252
2691
6619
25592
19619
28496
7215
5648
10595
9526
9799
17320
20284
28935
12032
30778
2961
23338
2931
10631
24043
657
17950
16943
10305
7146
28991
14975
13431
28954
30849
13194
13092
29927
13786
18555
6040
16116
19892
2601
29982
1011
5707
22764
16766
24086
3670
4272
8390
31174
9961
15175
7754
31384
25754
15620
30442
11389
7139
12165
22675
21817
19655
24272
15113
14870
25016
7330
13795
11737
21945
24067
30679
15093
1472
22302
17207
15871
12638
2384
5052
1122
28321
30591
20867
17236
5434
29869
13653
31496
25819
16588
16939
6693
27363
26580
30705
30072
27453
5908
9099
26597
20613
23749
28694
11940
26477
1509
7536
21930
26976
3651
32762
18532
6757
22230
11676
23211
32325
5714
31754
24053
26864
14333
13382
5832
28189
7359
8039
9845
29745
29305
20632
15618
28258
5528
20579
10088
540
12522
3376
3583
7075
4016
13576
30518
13819
22004
23711
25223
23045
4893
6034
4010
6378
25280
26093
17929
1468
4025
6896
12405
29275
28027
8467
8471
29590
23460
16199
20905
28819
10197
17279
29670
16753
16832
13935
9790
8491
30082
31891
8399
30400
8244
2164
11921
14737
4796
551
18128
29962
5865
2070
23264
12164
19136
27907
11276
14442
17936
5961
15823
8603
15949
25957
14407
26640
7322
15286
20198
4031
14888
8065
32619
14015
14015
824
15632
25516
7578
10236
23557
4941
19576
14432
20766
18804
20720
112
6601
10534
12293
26354
24642
22524
19450
3051
12298
12489
23656
12389
20117
2429
11405
19312
3138
4170
5095
28775
8593
1029
23809
27252
27793
19406
3726
12630
8855
12787
19124
7010
18997
17938
14506
28872
4458
10878
11397
17432
21527
20708
335
13317
26290
27183
22874
31336
31038
3496
14547
27784
9851
23394
11930
20632
858
7637
32593
11393
17075
11977
1716
29154
16698
9078
17192
11093
3504
1001
16278
3829
16726
4521
20345
6685
15527
24987
20790
6770
7238
19747
27309
18467
31286
32396
29709
21871
20297
7338
1260
5992
2267
22973
22423
11255
9919
27033
30374
16673
30074
8964
26836
24968
14511
20576
20238
27189
23003
29578
10442
3476
28483
257
12954
1984
12074
22091
4865
26625
9030
28564
18821
5012
12405
8345
5125
26026
18093
21700
15949
4274
19761
6808
4072
9435
7947
32336
19509
24533
11190
30659
30910
10712
4123
28555
24004
25576
15295
8038
29983
27479
30266
20956
15173
30347
22763
17699
5800
12034
4330
13631
18757
11410
32062
20845
8313
13814
32080
8386
22295
27270
928
6672
23993
14662
16567
29449
32083
18722
31325
27303
2062
13944
25355
4811
3155
18903
1443
23844
15909
3079
6495
28498
2741
23369
20999
587
2608
26079
104
20734
17372
11727
5889
23095
30819
31205
26367
31171
26223
22519
10604
7380
15734
5228
10403
5543
13016
19199
7687
21091
27943
29889
6132
31557
14789
5981
31734
15354
16565
31136
31033
15436
10923
313
32577
3073
28005
7613
3291
1536
12862
25838
27476
28342
2817
17468
10728
20920
26875
27532
28029
25258
2644
21817
26770
25951
20895
3928
3954
24897
15279
10817
23725
9204
26540
28747
14792
22326
25959
19158
24628
11786
15851
30863
18045
27925
27221
30959
28100
21064
11493
20741
9071
8127
84
3446
2847
19945
4456
9666
1250
10474
30407
9416
17323
23869
6921
14989
10239
14238
3344
6969
13040
7207
10908
20322
9551
30905
22810
22925
7966
13981
16573
21746
21316
28523
15824
29056
9092
26923
31819
28961
14512
7611
29092
2623
27418
20849
10471
21383
3916
32000
5385
7405
31481
3744
23930
23024
22067
18025
22777
287
3293
12800
10924
1244
29796
2934
13680
18784
31146
32621
22894
15359
27459
7805
12271
28589
13284
32214
14705
25282
6424
19238
12793
20986
21045
22461
32684
15552
2959
24303
28569
32428
10731
3001
13530
8778
25143
424
24027
20765
31096
27895
13305
1251
16643
24055
14671
24091
8944
29620
14540
17349
21196
6614
7305
12393
30350
24005
32346
20570
23500
7953
9892
21820
3375
7952
28014
8900
23589
13257
12730
14527
13013
8720
23317
32342
16984
25331
6509
21136
24870
22613
22307
1560
11726
13529
4449
8769
18923
6914
2734
8519
16723
14232
3007
31704
29073
23373
9872
12242
1430
22432
12212
9295
22955
8962
25066
3807
23466
2103
24560
15892
15214
25856
2204
27972
32648
15351
20776
1418
21043
7610
6606
28686
6795
11595
12436
23942
13817
17335
30314
9981
26098
30454
23154
11219
17889
2067
8095
20742
23905
31885
8321
1455
8880
26364
1375
28880
352
8951
8327
11340
14672
2102
25826
12599
10715
22772
10955
22864
23887
28567
14113
6604
26785
28563
14491
23382
29535
32140
12124
4947
31717
17083
29384
618
11220
16274
18837
15428
20672
12707
18469
23696
19753
4286
26899
3403
5549
26457
5132
16958
3707
2613
1760
19912
23819
29503
21720
13021
525
17333
28747
22607
20383
12681
29292
332
4034
25610
5478
12073
28431
961
5291
20573
32678
409
26504
24785
26728
22852
2558
24407
5222
21209
18381
15479
30360
1986
15825
9842
13779
11989
1425
22145
21749
29633
16150
17246
11107
23980
27897
23813
16821
2330
22208
13756
26287
14609
25963
15441
4211
891
11849
27555
24054
7371
8208
4963
19633
1763
1581
7708
30361
10037
22105
30833
27728
2089
31853
32167
32669
18879
6263
3427
4634
1398
25357
11956
15404
10604
11233
25683
24632
3782
9878
5674
32276
20306
31186
13332
23228
7787
17557
30180
20551
10526
3529
23720
23065
16779
21018
22831
12633
22925
9223
15304
3494
4253
4665
20813
24069
22771
18452
20832
3614
30703
7309
501
11177
26040
827
13329
35
20515
5040
32208
29381
17622
6921
21933
18102
18093
27588
29438
2432
21084
24530
6078
17857
5718
16621
10127
20003
25070
2860
12287
13453
4028
15829
17931
16795
28483
11890
23778
76
29136
4647
31211
12795
7845
12610
27144
16017
4695
30996
23581
29944
3445
24576
1228
12243
22122
20433
12163
12908
29349
2640
24761
20973
31479
15383
28020
16084
3900
12704
11279
673
11581
25249
8762
1489
28373
18332
21570
12816
29523
11697
6547
1195
30752
31928
6779
9540
25762
9100
23344
21705
19807
7849
30741
18599
12902
19706
30521
17978
31979
1772
21280
4744
49
11207
8903
2608
429
6462
738
30109
3176
16709
9320
28031
5029
21026
9297
25468
10436
9415
4255
8994
18534
25951
16027
24353
722
10791
22113
7863
919
27775
14238
8043
15475
6209
7065
32510
14196
9553
6256
16799
21597
28533
27044
2142
30027
16487
8664
3043
24216
16425
10710
12128
19968
16281
12499
16324
3330
4421
29172
13106
649
25728
29457
31921
1996
22198
8376
18469
1139
12028
27509
12926
5627
30699
19024
21039
18011
27567
18072
9185
5608
26203
29919
12137
23670
21119
32582
30968
17856
17405
9467
4754
27914
13592
21247
25026
23556
6606
14893
28043
28914
15720
1656
18593
28682
7759
7028
27610
17437
15393
31256
5343
12922
3076
13250
32039
1552
1851
3707
32038
30162
2039
15996
28609
19040
26735
22770
27142
1763
6194
25599
6938
6456
7100
10241
26738
21842
10824
9750
6726
16345
24038
22496
11331
27671
10701
7301
5761
28949
2802
30458
8884
14849
9946
386
8614
13779
19628
14961
5349
10801
3210
3638
8376
11663
22817
17048
23128
3226
26495
10048
18013
7895
16677
12152
7031
20103
15454
22834
7518
22479
20175
1356
9228
789
28238
9490
9001
24237
29688
24837
17863
15285
13693
7387
29263
29245
18623
31942
19131
12460
9628
20473
32006
23134
6663
1129
30689
14738
17502
2000
22440
2180
2039
14840
8084
5590
12285
21558
4914
2100
13434
27188
17428
1336
21940
26612
10182
16267
445
12562
18947
12366
14406
17738
28457
32696
24756
3641
15083
24832
18038
14952
12102
25981
12181
18822
6070
2828
16780
11765
13481
2482
10331
10121
15156
9346
13271
15244
32005
449
24388
28165
19609
20041
30501
8249
29103
12331
20819
14451
16892
19608
19277
30465
12832
25858
719
7295
29401
20350
31910
17752
28278
20077
11714
7817
14991
2907
6797
22440
20980
14631
123
30245
10979
8548
15842
28113
32126
8448
27661
8860
20091
22563
24460
14243
4638
4442
717
20330
31588
9205
16113
8549
19330
21934
26328
2238
13709
32651
22654
28754
10875
31237
18571
16381
8522
5225
27685
12055
12159
7039
29961
8254
1490
13162
5082
27222
9512
2255
29880
13007
24513
7481
27157
15654
31411
12988
14788
21423
919
6873
16467
11665
11906
27810
24219
30226
20535
26142
26005
22805
18586
31983
29808
14560
29032
25138
31968
28963
25894
32167
25016
19254
12887
9234
25531
1955
20210
3297
20655
8420
24595
19214
10420
11118
10737
19783
11732
30446
15376
10573
4571
21714
11704
13978
13929
10251
32421
15430
13125
8721
28672
13867
5876
20776
27022
30024
5515
25571
16168
8035
6593
17894
27243
20978
27720
31215
3248
27708
25950
21784
19774
17596
23711
32598
26559
19910
19229
23878
32497
28013
21426
18217
1950
3235
9621
12588
24526
8610
27948
10478
26171
14731
18209
19516
9733
17741
27064
7455
27303
11721
30816
22296
20522
29492
13704
10666
9113
23484
1715
31769
10164
30062
32463
7794
4584
28503
25282
3019
21375
3561
23623
8652
789
16033
20216
29038
31307
3815
939
3331
31679
2614
7682
30583
30011
17276
4158
6357
12844
3524
340
23564
4694
10258
22851
23028
6343
24718
26532
13708
26377
29413
22659
3462
30876
9709
27501
9989
12963
27784
8394
13733
7134
3530
20846
25788
20696
6238
25706
1503
2146
9509
5928
2216
15423
11553
2999
8119
18977
30354
4451
14071
8405
23902
23433
7970
19898
31414
6825
4744
32375
28663
11197
30476
19181
22734
20937
367
23403
10400
11700
7633
16161
30505
26710
16756
1752
99
17106
2500
30688
23465
294
19604
27465
11804
25344
32171
11606
23622
7892
3455
28974
32509
4907
9536
11477
8074
8766
25624
29019
32523
27587
434
4947
27926
22791
31225
14215
29087
12093
9762
6122
19996
7189
26348
5326
6630
28817
17446
26199
32227
32277
9586
560
21346
18877
2122
2428
10822
2546
22336
21264
31335
8768
18058
26079
1077
4450
22973
30645
9375
1439
30425
17449
8243
2906
10886
20429
10630
2532
413
27559
9942
660
7146
3301
31470
17946
23601
19660
21834
5136
22894
9458
19836
22738
30049
15277
19918
32144
15434
21707
4393
32417
29170
14979
14389
15386
28650
12972
14786
14496
14615
21549
12903
14970
26223
20661
22376
746
20733
1708
4317
4030
7467
28521
32529
6946
2880
15781
28457
19896
12584
16431
774
22251
372
23778
4204
24448
17313
14293
31587
2669
24989
23249
4061
30703
11911
28936
7834
32471
2742
27395
24905
4132
2302
7901
27120
30935
31022
14511
8589
30211
31709
3915
6654
20260
871
12589
14110
27313
26162
15790
29489
4341
26166
24187
17026
20762
20924
30022
23114
15495
8549
20923
24276
27756
14191
950
15583
1434
9268
7603
12868
11929
5107
31622
18904
11252
18899
24908
20116
5848
19493
1697
31219
25053
9706
25107
24988
8228
24981
18647
26689
17058
8466
14011
13767
16315
30470
21084
31399
22803
25945
409
660
29601
9458
8775
23134
13829
6849
15142
3350
24859
7683
14612
15475
5840
29633
3201
6260
820
9114
15139
31303
7121
2499
14827
9834
26940
19020
9015
31248
3817
2469
7497
1990
1347
3680
1272
26454
14844
12344
12453
15595
2722
14419
24433
15223
19828
5828
10413
9810
23667
4436
32659
5668
22204
20354
7987
1284
3092
26568
29359
26081
18117
21024
19883
19233
26537
25543
2304
24713
2180
14401
22448
15453
6294
11165
26655
19400
10097
18938
9600
24189
21001
22602
11661
5535
1546
23126
20091
14815
3950
14851
8493
15588
9294
29651
5032
27119
25336
27822
30663
2495
30275
21731
27183
32178
21535
15466
9606
5678
19056
15468
5600
10303
19997
23044
16506
9857
16483
1608
21419
16705
7792
24451
29463
20959
20269
6085
5158
5494
859
9374
32437
31423
23521
7206
17931
1843
19044
25408
19982
6000
24601
4384
12470
32478
32471
11275
6083
19090
8305
9054
24235
11123
10306
10962
4311
19355
29449
23294
6158
4864
6392
15134
12082
8019
5639
6162
27946
29480
19598
19626
31775
8280
5651
24352
20715
29091
22112
6118
30414
22426
17625
30114
17251
7357
24589
8824
1747
9440
16267
20103
3145
15315
14327
5046
32422
14145
1373
18096
1397
28633
28612
22829
11809
21932
7687
12660
30053
9174
2784
6941
1285
30561
20550
13596
31164
19814
15609
251
17781
11381
26715
30567
446
32055
14465
17902
18041
22098
3722
6663
22740
16269
3375
7507
18044
12341
11676
1826
16654
19647
5758
26425
19919
10158
26974
3539
7580
2488
31277
13541
8484
1316
9504
20134
11604
22646
14014
7503
17427
25678
6711
30751
21808
14478
16887
24995
2968
31931
32379
21300
31437
14246
14179
25025
16531
14923
15049
8143
28397
12793
5842
24765
21063
9651
12674
16717
26613
25303
4821
6496
6364
7421
5387
15105
3183
17698
28483
8869
10206
23558
20043
31921
3465
17362
28599
9277
12475
21758
29488
32536
20885
14962
22031
23308
30024
22763
19755
12387
11912
17825
28910
28073
19005
4135
28591
12468
13435
25490
14907
4322
10676
17117
24245
24226
2092
25740
1441
31798
21934
29072
17723
13239
19838
11115
16141
11865
2702
15764
15296
28912
8692
15901
14643
435
16796
8595
7882
6976
10042
9766
3081
4321
899
31241
30049
18446
7581
8476
841
27443
19156
24009
26513
14771
3726
8491
7411
6444
30337
18038
17644
19453
1827
7571
6090
28933
19554
2314
6917
12462
25238
13093
4562
15146
2996
7763
23542
31741
9412
5322
14040
9916
3989
15216
5339
276
25775
19452
32490
3597
393
14936
13397
32400
18172
18762
31963
2856
7160
21076
24840
6917
2166
17625
15553
23622
31917
8320
24605
12664
6281
28382
12918
6233
1881
79
3008
28130
17352
28708
14362
13189
22542
13316
22947
14772
28263
14988
7311
21410
17860
23865
29050
30797
24257
10632
16891
29884
29912
17755
21373
4997
6100
29343
19530
23955
31112
30252
3817
22566
17344
26092
24490
25627
2680
8768
2175
8814
11852
32415
28429
509
17200
23937
20739
23183
20321
17275
6827
14612
30364
9643
3007
16687
25997
30550
7805
18417
4490
15056
25853
3048
8321
6556
20675
11864
3375
18389
6289
20936
23443
14028
12414
448
29091
23283
2124
18386
26685
2298
1015
4567
26720
11831
25226
19835
26780
26699
1846
23804
24263
16387
22693
18734
14834
2940
10892
21699
14491
15243
25984
21705
28453
6235
24842
29300
4741
12632
9213
14878
23357
1100
32519
7052
5262
8136
13703
16243
11241
17606
10398
22074
21672
19340
14473
17410
5115
20436
20526
19940
18725
26665
20212
11385
1512
27796
17624
10144
19261
4216
13502
8059
32329
21435
20740
9915
10637
3878
26205
4638
24157
8207
26845
8501
19091
30517
22352
9323
22148
3819
26832
17475
24371
3193
14487
19937
24773
4287
25617
10444
9525
31771
20277
23026
19273
10637
790
14317
14789
25881
23221
13444
21214
8557
29210
24437
31729
12484
2979
1650
19829
1290
24475
5737
32559
15169
2574
8712
25764
30243
2780
12673
3540
19465
3085
16266
24613
19467
25188
1960
15262
24169
31799
2478
85
1066
12926
26240
2091
14850
12329
31261
26806
633
25527
22237
4479
23370
12036
1527
6766
8713
18786
12613
22146
11273
2028
6732
32453
5501
23
631
2432
3037
14474
26787
427
6028
23600
16352
29351
10423
9099
886
15408
27520
26699
19495
25229
10076
5919
19124
12041
11705
29643
19363
13479
7141
25467
10302
3346
29739
12630
18655
25043
21055
343
7275
5574
16092
25944
10525
8911
26283
18544
6789
32713
14439
9343
28880
8895
11839
13831
13641
29535
18043
8766
22560
16811
28515
17249
7018
5362
27228
3914
12138
26367
27221
19525
25615
8080
29025
2080
5053
25610
12709
1409
11089
3946
30069
4988
29535
26239
21178
869
32445
23639
11671
12515
25158
31479
20044
20550
6616
17486
3674
30491
16031
8044
24808
4861
29334
9712
14949
17070
9546
26047
7023
17766
5602
27388
17139
29802
13916
9780
19350
31457
21529
728
14420
16355
10652
16881
13415
14036
15759
27919
2667
2544
13062
30082
5823
21286
28424
21453
14638
22314
14156
15192
2511
30406
11840
13925
21801
19057
20559
15941
9115
7202
22116
9164
20476
13158
8618
23554
29054
10161
5271
1307
7384
11505
32040
14250
16548
3689
29806
30737
8453
19389
22345
23612
13966
3145
15476
14735
29791
23735
3009
28444
14737
27345
6822
8218
29141
13203
29177
29330
10583
22405
8440
9820
6121
2376
16780
6218
26461
19054
4559
1443
14642
27279
18123
9171
12148
31896
31877
24672
31965
13927
26426
23840
16448
28309
10728
31914
12072
11411
30224
4874
21436
32505
22714
3769
25061
3098
22715
11724
26547
4316
18995
4971
23805
16839
31577
20869
22088
16987
7803
15042
24298
9895
5440
4281
15984
13079
305
25188
11580
20110
15735
11984
15475
23220
9702
8217
29974
26258
20283
29334
29294
28508
5282
23633
31662
9101
7804
2234
24788
23609
18014
31900
7888
16543
31837
30287
3816
18431
4489
7728
9563
3499
2999
6990
836
11103
26244
24678
24514
3541
26006
17682
3158
30613
23589
16189
6284
9739
3514
20698
22750
19675
3127
32213
21717
23417
14104
24138
24689
16628
16376
8438
25803
8722
22615
4587
7161
13730
27802
31111
17458
15118
4179
26534
3634
16176
32707
16151
19168
9062
23198
5453
7215
6889
31757
14935
11586
4698
5113
32019
13779
13726
25991
32670
19669
2028
20191
12302
20056
16932
32306
14692
22702
27491
30715
188
9420
24532
21125
711
15858
14793
19117
9595
23695
20746
5609
21001
26719
17516
5513
27408
26070
16806
20285
29456
21185
32609
20184
30497
13867
7566
21843
4581
26493
24572
30997
6843
20714
30506
7025
21813
12554
19290
22385
13517
8133
32230
19922
2259
23155
5335
29263
9386
6977
1204
15907
22580
32727
3224
27593
19595
17208
6279
8198
6386
20201
7682
9257
9227
26453
9945
5522
9546
30576
32321
11889
23209
16283
13350
3024
18077
27592
27331
5332
2633
21726
8815
26431
12274
29023
30650
27962
31156
14664
1976
82
2163
312
28317
15808
28436
4309
5258
28653
1516
30827
15527
12597
4728
27095
2674
11243
5967
6308
29015
7070
24662
25971
17024
29595
7987
22688
19694
20147
11268
12322
17353
3135
15952
1203
24308
15969
12861
18994
27109
19852
11780
12101
13492
30022
15267
8258
7025
32300
10962
29008
6075
22839
20279
29641
4238
63
28381
31459
23645
16317
29923
5008
10593
19925
15473
29602
16432
21140
2032
25651
21649
17782
30843
11076
22671
17451
6544
14500
1484
18074
21772
6676
4376
21543
25430
31400
15426
7729
3034
12656
14894
9183
18873
9048
6440
17181
10430
31821
10104
23265
28309
929
1591
25267
25655
4017
24161
7020
21417
23749
27691
15678
3558
19255
21654
18164
3354
18648
31044
21115
1808
27023
16010
4770
1006
29507
30664
24094
19744
24827
28149
27601
18578
8516
13438
9292
5154
5076
16465
11410
30037
2668
30004
3614
29000
20739
7516
8232
8426
288
32571
5669
5481
9352
1433
22413
24810
27417
11750
1248
6013
30710
12495
19947
23632
2532
6415
32072
20259
756
15496
23844
28155
4963
19346
22852
16155
3006
27283
586
22320
6729
2512
22069
4044
30626
28546
29224
533
18082
10285
4460
6591
11140
20781
32183
21559
24137
29073
21679
33
15450
21805
18090
4357
7536
7659
12984
23365
28593
32610
17379
19539
24348
22698
29621
29472
3110
8302
5627
27864
5541
22338
20937
2508
31214
29751
11198
16048
4922
32685
1417
13830
13135
20585
13996
5594
8796
7912
8832
19888
1316
25330
28538
187
28254
12146
17324
24655
8028
132
10895
2713
15340
12240
2047
16782
30076
791
15495
3617
29057
2315
24287
9145
28441
14436
11955
6114
28654
1328
9382
16962
26718
24682
17303
22736
15066
21967
3875
7232
652
15341
19307
10433
28989
10877
27159
16107
17525
10994
18587
6387
5604
22354
9144
8226
2816
23365
25670
5765
10224
2924
10546
2277
18857
1779
12995
7417
2903
5994
4897
4059
6910
17104
18455
30905
16737
17393
8728
9165
8483
23795
7296
6543
28972
14379
2845
9769
13902
19253
16622
29995
16424
28739
5162
5504
27979
10677
25476
31137
31388
17386
174
18440
25082
18774
9244
4072
3104
31957
19978
13851
22988
20031
14528
11867
18465
32061
16405
21686
13385
24155
25138
31548
608
30302
15768
32763
11149
24535
12389
32557
30578
12024
31954
30127
25799
18343
5889
26549
1345
22993
32758
24509
20665
30721
20963
22977
13194
31793
25000
28337
23611
12000
6554
21536
3166
25700
29059
1086
28855
1154
10219
8710
17569
12348
8342
28088
17582
31210
3150
23946
13454
25484
15843
11930
31794
5983
20591
552
8240
3758
734
23298
6506
6891
27822
3903
20459
1278
28660
560
15633
14045
3232
14996
30961
9053
30977
10507
14071
24648
9100
13006
30157
9903
473
21660
26238
11649
20718
29176
20188
4701
10944
9361
27423
17573
5367
8194
4814
9940
27890
32187
9443
23057
21771
1343
32554
26628
1820
17553
1258
16104
12354
3304
30919
13281
14816
10154
11751
32656
9191
22424
21588
26853
21589
31302
25761
4661
32764
24015
28369
7309
4229
7878
20596
5445
11188
8816
5651
25048
16366
304
3022
7667
14840
30018
16708
8139
18433
8620
1203
5812
19939
17778
6496
30704
28326
12042
11578
11716
20293
1039
20922
15569
30389
12602
31757
21410
28452
5773
20597
30850
3199
17361
15597
18832
31798
22851
9996
789
579
24715
12587
16404
1897
12781
23242
10531
23737
14787
48
1402
22619
12843
32082
25162
12171
9469
30710
17488
12770
18944
5400
6057
18903
5469
7565
20968
26245
2643
21990
31334
12975
9773
3479
3289
15617
30577
10585
27176
30104
13659
11468
19326
9413
27529
1889
27550
16142
3576
10359
23158
14966
2351
7876
12022
18687
8890
18167
2850
7276
15834
19867
9830
5963
22651
2111
21034
3891
21606
27092
11431
1099
24760
5718
30201
29195
6035
22959
15221
7495
9235
1496
19772
873
1156
31809
12816
20222
15570
26227
3431
30068
3392
25076
11198
25121
349
9066
10544
21128
27445
21764
26183
18392
7876
13334
16146
12726
432
12803
14456
13884
17207
7264
6091
15170
20581
4182
6305
5340
22667
15688
13535
32035
30190
15030
13078
14649
20156
30050
28435
3975
16964
30641
4273
29513
30309
4435
9458
2381
22855
8742
19790
27127
27466
3160
31051
17545
25916
4557
24142
18337
3791
8384
8625
29444
22858
21420
26901
13977
4734
10349
17658
697
17404
12962
10637
11686
4741
19799
27072
21080
12738
4065
26784
3200
16437
2568
29924
13767
8048
2924
705
2134
7301
31265
14342
19100
31933
31901
32356
26699
17037
31444
4109
7332
16069
15009
12930
4597
16907
7016
5029
6752
648
13562
32022
26077
2529
23992
20924
22914
16233
23548
2466
27651
25237
18100
8197
11125
2480
22864
10155
20567
30927
16095
31094
466
25864
6260
12600
12096
30687
17103
27849
8940
9985
7993
343
12824
13365
25520
6910
11845
27023
13892
31384
31662
26086
6081
17879
28950
3465
24974
7569
25795
29486
23253
28250
2763
19755
10468
12120
2190
19177
7892
851
24964
24213
12392
28684
8505
20248
3127
8144
26261
9802
8462
24908
13409
20322
4752
22947
11015
31154
24863
7358
3993
5009
18688
8164
17429
29080
7353
14986
5352
30225
7870
10604
32688
19628
7757
18396
22342
3700
23447
29530
26876
25090
30496
19814
1827
27632
28776
20370
7377
9105
30667
26075
12001
24543
6054
825
28218
12469
30907
25717
16213
22591
17879
30011
23289
30894
29362
2928
27721
18992
27158
27845
20481
27935
26435
21133
22781
11384
32403
24524
15867
17552
6490
15760
5281
514
26896
20868
32194
19692
5554
17090
26333
29787
11109
16617
1254
19971
2909
16751
27721
32308
25597
10041
27181
31753
29759
2153
757
9699
7767
1656
14861
31253
3475
27780
1763
18401
29574
2027
6963
27812
8293
28440
24200
29005
31409
10909
17152
7187
6678
29826
22351
19048
2452
477
14854
10024
29916
2723
21014
4375
17661
958
28815
17802
28735
16224
16302
9060
335
26518
8983
6724
6557
1824
27999
6653
29443
5248
3789
5703
9383
13137
8546
29364
12066
8154
30230
27365
5090
30947
1893
19197
31692
23495
29962
3158
12582
1739
27915
10867
28853
30126
9717
17462
22050
11394
20073
23891
26531
9402
5591
21509
1239
4227
12938
24320
15601
26712
2277
10150
20504
30416
22508
21629
24590
22203
3846
6113
5136
5998
12544
5878
13310
31579
26710
15585
32444
1253
12462
20024
16344
17778
14758
20662
26733
8897
26319
6964
12103
1662
4345
8660
31815
11283
27826
21120
8969
194
14857
5523
12485
18928
8600
18133
20851
1476
25281
15021
4147
14833
14135
9106
30443
9424
4032
27587
20786
1202
3642
22328
5741
26996
24796
472
16183
17492
25279
3564
2567
10754
9629
5844
29452
31483
18648
15352
25436
26130
16830
22530
23374
31055
30987
14411
7204
13565
25007
26770
5358
21759
27858
26356
5803
17507
32534
21528
5040
28474
19228
29611
28238
26278
13641
4364
6831
2868
9418
7240
6145
12652
26069
4936
1238
29863
306
2889
21195
11297
11515
28301
23912
13903
15008
16976
26696
3699
9773
2302
18554
24685
10960
5283
15654
3796
150
23971
15220
24389
10101
12715
12713
16635
25487
20199
1428
24992
20149
16246
21032
1123
9002
2331
10346
20299
9130
1333
22414
715
17579
29937
92
20374
31459
9662
30681
16052
21258
14849
15652
24534
14049
27146
1694
12775
883
20807
10829
31203
21659
7096
25987
31724
10694
10147
18362
19099
18426
28553
17603
8340
32024
20568
12832
30813
10334
32738
13230
22128
11311
18318
23431
31118
11543
22350
294
25943
16906
17617
5068
31512
31212
2809
27683
5348
23127
7567
24865
22246
15256
25910
9264
10997
9722
14237
10380
6761
5192
8185
6636
31277
16269
2995
9828
7446
22558
12125
8074
115
20442
14315
14040
9958
6577
7200
22865
5490
611
8774
28263
9940
1674
28194
32285
10519
18907
11047
617
31075
5033
9962
26588
4630
29866
28630
388
16149
31230
19489
29714
27749
4461
7422
23608
17141
753
533
13397
1982
9076
20784
15700
28942
9434
13879
28369
26145
10050
3934
12926
23794
28553
22941
28358
19024
26384
16737
9392
22580
18624
11137
9477
22098
8011
19059
8373
6382
30900
5056
6263
14833
29457
10677
28592
28732
1680
3419
9878
28988
12472
11434
32661
4287
25841
8442
5106
4870
26183
12730
7086
25883
28267
28516
27821
12133
17914
31408
29975
30329
12802
19465
13567
15923
23235
3901
31554
25350
4018
26488
27058
7568
3268
12147
1140
25713
9448
2537
20647
8286
30165
22091
17990
26225
2311
23988
6480
11459
1540
19487
7718
11581
23012
18904
19764
27307
30736
18736
10707
3090
6218
23669
4206
580
5614
10273
12260
11185
21623
17746
12846
27264
19780
10362
22594
24799
10909
24664
3383
18327
5105
16679
13481
4835
3937
20501
14431
22914
7299
758
6443
12811
27743
10298
1810
31361
23230
2844
17581
15911
3237
10269
22991
11669
22556
1457
22889
23820
22835
1336
16042
15623
22599
16431
9578
274
25986
17832
25032
26847
19873
19447
15122
8087
19450
10927
19942
9582
7613
12493
22935
30586
23162
11058
31954
27077
13795
12119
9602
26529
3796
32316
14320
3643
28560
5025
12591
21875
25422
13689
18615
15083
17652
6044
21840
9054
27426
26556
31026
26164
21874
21914
22890
14163
16126
27513
25727
25399
14883
19155
27734
4421
14725
8524
5971
92
10835
27108
27841
29102
973
20080
116
13774
28675
15691
428
4105
29151
1865
12605
25594
11365
6636
749
24921
12090
10715
28190
8724
27747
24975
12717
28321
15184
26704
3865
7314
3353
21856
16616
15210
13831
25462
12358
943
28758
30829
11760
15424
31801
21822
12880
2537
287
556
26857
23861
5173
19262
2806
29315
2092
24818
19790
6236
27196
28976
25995
12292
20585
19581
27243
7247
23813
27505
4983
4790
7030
26731
7138
682
6713
16771
19635
1833
26151
30400
29223
5774
19191
22668
16464
25773
32005
6756
27395
11039
4177
32212
29937
19419
24779
10659
31252
518
20430
331
31053
5389
31466
4267
24907
16880
20454
24576
25774
20193
8709
17426
22892
32013
9353
32427
10100
19642
28278
17229
2706
18322
27544
29732
11155
17726
24263
11066
21673
24119
22890
25578
17681
217
19514
22679
26610
23738
5449
26782
29321
6201
12098
6792
11651
1114
26098
3717
28074
17105
13319
29974
32708
4700
11800
24073
3000
13654
7910
29610
13043
9866
14562
30264
28170
4165
239
2966
28065
14767
22120
14147
651
24154
15461
3724
20787
9244
18490
32000
21562
8986
22849
11557
29281
13350
32218
26985
11178
31051
10671
2395
8634
21669
8509
16155
32642
16758
16016
22799
1054
17271
29517
19416
13565
24684
11254
6277
31555
22523
30826
25350
12395
3518
7595
19683
24113
22935
29924
26670
13743
12868
15275
22198
454
26163
14723
27005
6335
22167
24229
21612
4402
26811
16384
19014
15911
8598
5246
5339
13948
8097
6025
32126
27527
26341
29902
6584
4859
13144
8512
20542
26640
17769
17760
10785
2014
23770
7356
17477
27914
21966
28342
29972
20133
7203
1159
31347
26193
26881
16516
17397
24998
32435
15007
11599
724
22198
1584
15629
13449
30224
1270
15235
5397
23523
27480
13829
15564
15938
23025
16987
17323
2371
12364
5743
19007
21590
31980
18505
2499
16853
11920
19005
12169
31964
27317
30563
1947
18778
11611
17480
15009
23144
5644
26595
8965
25306
1563
4299
32086
5140
29738
31399
30698
32544
6382
30693
26056
3069
22839
17327
6340
31545
4394
12314
9964
9666
9425
1185
7971
28409
31191
8403
28940
7432
16012
14152
3114
2933
8751
13529
31301
27640
25197
10256
30991
2442
21029
15582
22279
16831
15726
8332
6046
10325
20187
25076
8856
2317
23038
8689
694
15289
12074
10260
30610
32407
23677
12185
24266
19165
30
153
14432
22421
4036
10625
19041
16043
14712
27842
10181
30789
16795
14026
7831
8274
554
12340
20822
14950
28481
16443
32666
26565
17630
4981
16890
17342
16872
31422
15662
23098
5232
13937
4209
27796
23350
479
809
30891
24687
29433
13770
13878
29125
592
23032
32344
31136
20288
13804
20853
15780
29799
30488
28483
26235
92
6158
13604
13524
26270
23966
14003
1963
31947
12094
17564
6091
22547
20144
21938
3218
7915
13022
1595
19957
8966
2569
8590
14275
22401
10018
27105
4654
30558
24184
4700
29575
28723
5524
8050
28489
25891
2657
8560
13913
24078
5521
32086
3212
30469
27707
14311
14186
9217
9417
30460
18994
23764
785
11549
29470
17759
20418
9042
11751
9734
16130
21815
32652
18529
10837
21327
8016
3124
8641
8090
12545
18594
6192
14442
29824
19869
12053
17778
3710
6561
25938
6944
20100
6050
11610
2093
5686
31043
11922
8562
17880
328
13822
32765
21009
21070
6681
9572
26351
5561
5636
31321
15404
3823
24547
7039
32432
28356
32389
26748
29526
31540
8771
2384
14067
24408
1322
24037
16277
14227
5724
3046
776
11789
29875
7893
26271
15202
31912
28248
23600
24475
28019
16084
20577
26461
26996
20541
20002
4448
21970
20269
31611
10275
23906
23603
21384
25566
6858
7533
16834
10425
11750
3673
639
30011
16490
488
27837
5381
15817
2772
2331
27584
16982
15924
6696
27732
1449
1102
31200
4186
17477
27564
28788
25557
27768
12914
26698
31004
4738
31214
9029
22811
28665
22641
21830
17339
29291
15709
18419
21663
7494
23424
27575
24593
17141
3488
31241
7228
22860
26967
3314
27291
27942
29730
20425
21937
31052
11956
11586
5883
9369
27280
7847
14627
11100
7638
100
10870
30718
10589
4041
21400
12005
17667
30220
1654
12695
1601
1165
22909
23843
13571
1630
17162
1981
25270
19203
2337
424
30626
20086
22881
7513
10874
8815
7479
729
5681
31969
24147
21099
25104
4040
20312
23151
12294
3618
19672
25734
17727
571
27263
24055
8439
22830
24718
24401
30097
18345
28043
22354
14307
27632
55
23816
14549
20773
15809
27958
32042
14278
14393
5881
18333
18295
26951
23467
2352
3586
17693
17928
11201
28572
31146
31887
27358
27754
11793
21291
11994
24387
22105
8211
7712
6584
28518
22511
22728
337
14120
13628
4712
4634
13586
28401
32301
27230
9934
16995
16682
17331
9519
21606
24303
32054
5479
11701
21598
6936
14970
22164
21690
24410
31474
21939
23809
24532
11989
5718
4476
15740
2516
31155
6548
24805
30149
6043
28135
24582
29011
29277
19611
28989
18164
8680
18418
3988
12316
14895
8991
13378
14513
28882
29017
18805
30398
17914
11053
14926
27243
13444
11800
17453
6701
11619
23125
27952
16186
25151
17140
17398
5696
9058
9260
19625
10326
21717
5106
16187
8243
16070
8394
31471
32669
15661
21214
21276
18725
4784
17229
6446
29202
25283
15813
2029
12443
5907
8276
29698
31321
13349
28027
26038
18171
24890
17541
32766
27452
10103
13334
22709
8210
11330
6919
9768
2600
27375
2929
26071
21903
12700
25608
24698
14769
25945
5035
12099
31110
20877
15161
9827
13322
1685
8613
18639
6382
2989
11853
10564
21901
26644
23943
23688
20003
18283
25469
24820
30521
15710
28988
7983
25444
27783
20487
26684
22831
5263
18161
5303
1366
19351
32427
10587
7477
26326
22426
9416
1407
22147
26156
23171
20787
30965
2413
32575
11468
10505
20437
19035
2489
3012
7780
20651
7692
24889
19954
31867
3190
23725
12992
18129
18547
18426
16978
5619
2754
30257
19329
25897
27160
18819
29900
6596
27669
20578
29935
10591
8823
15843
14775
30053
10382
16743
28948
32724
5360
378
10352
23872
13165
15867
30271
2074
6981
23934
25047
31026
30105
27118
32130
10619
2080
16503
26322
24846
22555
30882
8501
30578
31115
18114
32457
26907
24225
23952
2930
26160
15222
4882
11817
16018
20988
19649
29847
20249
14901
30442
15586
21537
31394
2901
12743
17733
1279
27429
19689
7786
27437
4095
21352
14848
24688
22638
182
8324
23258
29574
21414
29001
26887
12232
12742
18553
4107
12614
21743
18006
17833
21256
14106
7110
23238
14253
28789
16399
27164
19797
15287
13279
7987
18623
5296
30095
27021
23471
9508
2728
28705
10899
29657
17063
22796
17765
2543
5885
14722
10195
624
19546
16906
1182
14376
14635
31467
24640
1463
21858
9441
16081
19428
30581
4629
26923
12852
25257
2892
3405
21948
2704
5471
15869
23091
12240
10987
5554
4427
14887
15945
176
11329
29612
6081
29301
11187
2392
25594
2644
435
29892
1717
27488
6681
13108
1467
19339
15645
28117
8212
32271
37
30531
25978
32013
14555
16974
25102
13940
9859
13822
12873
8229
17804
725
4916
22357
356
23891
17116
20274
14481
16832
17664
21193
18174
9509
24590
24103
2706
14236
26190
4798
5639
7113
8028
19211
1530
14249
26075
4470
11326
650
19816
32378
1398
29787
25805
16901
11491
31270
26743
23586
17018
5083
31019
18645
30522
32591
10996
9030
13244
5252
96
1058
3340
14123
9707
7999
31671
359
444
25727
2341
3028
27535
10230
26409
30408
8435
5455
9687
6361
18869
29291
31638
30367
8348
30028
21366
26555
5206
12594
5571
3351
29875
24323
24282
31856
17
1264
6203
17682
25880
16726
10208
12771
3239
15586
10701
27811
16397
2041
26601
26226
32637
26455
1036
10643
7356
21494
2137
30831
28189
12849
20942
24029
11695
1065
2329
4768
22709
7016
7597
23601
9046
3524
30486
18624
21654
29062
20617
27765
7813
9420
29376
1019
18102
9260
16389
8255
13043
13466
18060
16245
11823
25740
19717
30557
31164
10332
3442
5316
32447
5613
4662
21581
13280
913
26991
6257
2886
3626
8838
16581
31938
19088
18949
1659
74
9779
22440
556
3242
15106
17078
16085
28278
6795
12433
32287
2883
21603
29068
4579
25878
15304
16382
28397
29213
12421
30101
23808
7325
28438
10988
26651
32556
11277
30047
30459
12576
32436
14110
10977
14151
24308
13696
27797
27865
14965
27034
19115
30890
25863
16145
3333
8868
26689
13612
8601
7541
30311
5677
18036
6277
1169
14562
5375
11819
20490
119
21122
544
21239
3726
10726
9268
27705
23441
12991
2879
16020
10567
27018
15451
2832
934
32050
29264
2719
17385
5594
22864
2817
18914
30934
13029
21221
24464
11770
30247
4433
31476
2584
16434
23619
21025
17092
10455
665
30099
28506
20370
13614
25793
6979
13500
19270
20725
19827
13058
9772
604
10550
11542
30745
4953
3117
17316
29272
30239
19859
10120
7848
30847
709
23614
26594
14846
27906
32410
5595
18475
29807
25529
16524
21808
21598
9271
32368
15526
23759
26530
21038
19118
27959
1071
7032
31037
3201
18092
3891
6071
16979
30390
31448
4288
5522
27436
22298
16975
21544
17124
28105
7171
2053
5532
5878
30651
15715
12595
20824
24673
32335
14105
14830
15110
10085
11780
9958
1588
31195
23524
27070
9087
3777
31770
31913
24414
3974
9700
7988
11065
22463
30492
9769
15811
25636
22307
691
3466
13019
26136
17604
22989
30970
27725
7348
13709
20807
24059
8235
18662
18498
18228
22080
15520
26981
13338
20194
1026
12714
26959
18807
30950
2894
172
11972
32275
14036
15926
25101
7110
17742
12621
11645
19090
2008
30247
19912
24682
6245
11133
24846
21501
24510
28804
15619
19010
15559
32543
28749
8787
12548
13907
29485
29566
13917
10491
19298
12697
8734
1213
10058
27543
14658
25916
13387
22617
23025
26511
13425
9670
24135
4595
5976
15902
7255
25532
6733
30603
10096
8594
13232
25082
13983
12761
19868
10024
21620
7537
5067
12544
15369
2208
22707
2596
1857
14412
22005
11466
4686
30574
19448
13257
14454
28867
17617
8691
19990
20677
32359
13222
31719
17369
16340
28318
24448
9418
7694
25613
5404
28534
29638
22766
3742
19399
4240
18582
23506
17637
25413
30092
18422
170
9125
31898
28793
2903
16193
7716
14594
2949
3481
12729
16564
29278
3969
30696
15537
31756
15817
15957
23516
5234
11036
2572
6116
29722
32041
15380
6014
2415
257
25672
1521
557
24256
13922
984
2325
12400
21849
5411
3045
42
26861
12384
7559
29054
12671
21305
18569
6678
3623
16445
26061
19861
10497
18915
19330
24773
15815
20171
