100
27699
25676
5857
23281
13828
16114
26086
15171
28211
18241
1452
20506
30837
24165
28096
8606
12260
22626
12837
922
10672
1019
31652
31873
4114
27091
23139
7599
10626
1746
9913
12530
24618
1482
25665
24393
23962
15450
23341
13547
3773
28435
23517
9867
9228
8410
24753
31707
25089
29069
539
17231
21967
20458
28920
13091
16976
684
27424
7071
22847
19702
24123
20122
5287
12789
11479
8253
17563
7106
18872
25865
9512
27013
7535
4379
4232
10464
27183
23727
8600
32395
8667
4580
23181
571
25187
26559
9186
4553
3153
3697
14228
24464
10143
20701
19602
16407
2764
28501
