100
4767
28884
1977
17325
3666
29077
554
21886
28602
14857
20228
14223
15853
1925
32406
8196
24907
16498
16120
8358
4172
15869
20207
24118
31100
24079
6162
20993
20163
29056
13355
18868
5610
23176
25056
6514
25179
28534
11411
13348
23592
30116
19334
7696
14415
18602
31811
28078
1597
466
23611
20150
30352
13260
1453
15230
32545
3747
29641
24707
66
32752
29206
24133
20292
9038
6929
23897
19005
5901
10775
10425
22791
2347
9348
16990
32652
4223
7709
9745
25921
9784
7339
11902
30193
21382
24297
20618
32700
26519
2720
8422
29279
18885
1553
22500
9142
15374
147
18314
