1000
15743
8644
28285
30694
14432
7813
31814
23968
2092
8558
15595
24278
23906
12428
6033
6691
8182
2195
14444
9217
1876
25811
2271
11858
29603
871
29413
20025
27718
14768
29615
21550
26537
11522
16783
27218
16442
924
2324
27903
31413
8670
1399
12708
16805
18358
30773
12240
14888
8796
17406
16524
5618
9791
11982
26606
1684
17727
3930
23787
30206
21788
27053
17261
10307
14894
16147
19621
10909
10839
5430
12707
13233
7223
30855
15396
22804
13982
32223
20907
15885
21575
1894
13523
8093
28611
20661
28899
25020
2995
1591
9123
486
27450
27605
6510
4822
11954
22226
28553
9618
10398
32499
12467
17319
32480
27364
8189
24246
27693
31703
9692
22831
13757
23662
4989
3165
10567
22235
12376
28579
14124
22086
17928
17669
31987
5998
7770
28393
21493
19604
10148
21279
14425
14485
13144
28448
7235
1366
728
403
31561
22884
5772
27926
16935
28892
29491
14394
24243
15753
20854
20175
3091
21069
27587
26723
12077
7618
24152
14341
22367
14368
19870
18767
14192
18530
18105
11939
10951
17572
3677
25780
6875
4560
20963
3912
22763
18041
28316
29501
16367
5383
17253
20938
13006
8469
16507
2312
19153
17431
10641
7601
19032
1344
15904
4647
10188
18595
15359
11960
17620
31128
28723
7968
9676
13409
18952
2383
15731
13069
9313
365
8419
413
14668
32540
14279
15718
29657
14333
15560
25526
5165
885
8776
29626
22994
11185
12115
26527
10321
20455
26834
18680
23043
15327
6914
25696
13604
22707
5925
24672
14121
6867
31096
15251
10835
4427
2916
30215
14725
31305
5624
27111
30291
217
14487
5975
1371
2036
6126
26528
25816
9913
31017
11149
372
14842
7527
22805
3422
12026
29035
19513
19869
27509
26004
3888
20900
30433
527
28098
18726
18676
2891
22514
27691
24934
19117
22495
10596
3320
20358
7916
3771
31669
15426
28191
8239
3192
29666
24007
4319
29102
15276
18530
4708
4957
9504
23741
11876
21094
21551
7005
24164
4359
30120
17182
21982
9379
31219
28954
12948
5318
26625
30668
1827
19300
23683
12662
29659
6753
2394
20927
16846
14934
18767
31393
13351
9875
7173
6274
958
31328
7723
18849
14569
13193
20982
21684
22420
32281
19407
29392
4500
28005
5961
28808
29496
17996
26709
27225
15905
16062
27833
10310
26196
22139
20926
23743
25998
11549
21033
19143
22744
31065
24685
5974
7258
1410
16671
18940
22900
21838
10666
16584
15115
22749
14148
7016
15393
20727
21025
24977
17577
18582
20710
26786
2201
18340
28768
15492
23872
8965
29558
4052
30938
3544
32604
30532
20578
20474
2058
29758
1959
17868
24813
4811
10146
3383
17884
7860
3847
1005
28749
13287
20762
31473
3273
11803
30404
17241
9373
15287
21990
30803
20435
6128
29421
10854
17248
12338
8359
20474
3999
14530
21077
7963
8958
29857
21505
13434
25848
13491
23825
11188
32067
21024
12573
3287
6986
10235
17150
13091
20957
20514
3623
4365
23335
10085
6713
30090
22753
23786
23761
13961
25798
4303
28068
25793
1351
17938
16591
27822
23167
11182
23400
18646
5993
263
13913
10577
6993
6536
17262
13448
16264
17291
18604
17725
11612
5753
1509
18892
20551
27698
22665
10416
14439
2479
20927
20040
302
15078
29364
18395
4187
26093
819
4059
16681
22883
13943
28518
20422
23052
4669
6418
6406
13243
19485
24810
601
20853
4377
13748
7675
8403
27511
16246
24426
17576
15052
18232
29725
23268
29274
19466
5235
22968
4507
26953
24810
18427
2846
29215
8081
21709
3474
26185
28096
4730
25377
9245
14854
22689
23295
31691
6755
4501
28994
2019
21175
30467
10484
28439
8059
469
19558
29507
6319
4439
1992
29098
16659
3480
4599
14466
5530
2324
22422
21940
12572
9615
23648
17117
22603
16452
18108
4760
488
10559
18834
767
12087
27144
24670
6511
10416
24449
4483
11148
29431
11025
10977
31109
4110
16130
11433
15770
24778
2600
22128
21723
14979
1732
2691
25906
1296
12455
31611
9379
29938
9883
22545
9683
13776
31486
26931
19911
6436
30640
22103
22255
7475
22832
1039
1379
24642
17665
16605
28780
21511
32595
13385
1350
17758
9183
17458
10020
3133
26131
25698
4213
30698
7279
1125
22886
19307
6959
3994
18344
24127
8746
13194
19315
13643
25082
24697
19915
10263
23645
14395
13314
26170
9179
24393
15486
28947
16041
25620
6332
23994
12494
12441
26773
29494
29060
14902
31424
30961
20449
25532
30361
18793
2742
17861
21280
32039
8120
20808
16197
16885
5597
106
24419
12876
18185
2455
1034
16652
27882
18642
15873
3439
29984
21321
29579
13120
24738
26925
23274
27464
12893
14784
32290
4106
12574
11696
11263
23216
177
11171
31321
27716
22091
2835
15767
30499
19493
10588
6514
7343
6250
21779
3836
21317
11091
922
11232
26735
30864
1265
16107
29530
28651
10703
13771
19338
26920
4082
2071
22476
1839
2227
21392
18796
22125
19933
3495
6057
10871
30911
28223
20326
32496
28544
30643
2850
24494
15539
16411
10026
7192
1323
24523
1549
18898
4113
10525
31057
23197
5427
3441
8804
18808
17823
21361
24533
8971
17009
666
6852
27974
30185
10232
2200
12870
705
22576
13552
12920
15805
4804
26587
512
25987
27283
15435
5468
3245
6047
31431
324
27165
22035
3169
29141
912
13957
6632
7407
26230
17272
11102
13276
25346
8229
23468
6194
32125
1147
29845
22522
2527
14948
1769
13585
9632
74
21243
15311
972
29914
5460
11495
16214
28679
2985
16014
10158
27986
17931
30944
15253
27465
6238
12671
17969
25678
16396
27261
21084
17562
4603
6268
26690
386
17596
5139
18731
13816
11013
14964
7573
26708
29281
332
18822
23893
14886
491
23328
7266
5799
16293
18294
2326
21676
11640
27038
13820
4383
14063
30728
21655
30984
20549
25613
26278
17852
20942
22475
5285
18768
8851
17969
19863
8020
30268
16726
5123
21950
8756
2831
7229
8741
19975
5056
8166
30512
783
23410
2742
3661
24399
26918
25721
14758
28575
19561
7256
4689
29962
23849
6490
22214
6516
11719
13355
3479
22399
25453
32283
16475
6576
26786
31081
25323
21710
11804
9922
15058
8587
28117
3077
23294
6503
9313
6217
1980
31440
13438
2337
5859
22670
26861
13599
8270
22622
18560
24470
4752
17629
28789
31140
32740
30376
26882
