10000
29808
14179
22722
10289
2225
32378
3126
14062
6000
32410
28413
11358
2062
15153
2593
29555
18312
9178
11043
3774
19706
5840
11419
20100
18274
26537
12830
11539
22695
15937
23396
17750
474
25076
12970
6056
9403
17680
23126
4326
15999
25737
15834
1992
16336
20463
18906
9329
9750
28062
28561
26180
14837
20277
30577
15354
5910
10825
26377
25073
24875
18778
32300
31431
18989
2309
3920
5672
19944
13692
14132
6628
18106
23604
14278
16709
16280
26077
31299
9887
10065
3223
31904
2856
18711
611
11817
20746
11835
23511
32616
23479
19768
4887
10568
19069
10739
14080
28538
16730
19265
6822
25112
13329
10666
6401
25224
26493
31597
16611
28580
7462
451
32045
32023
7442
15208
3395
23050
4574
8280
25021
27393
27405
19158
12640
15103
14751
12723
23116
10225
15077
22477
25462
11849
1429
5334
12889
6122
3354
23383
18665
4676
28461
8180
8137
28608
16297
17905
28861
6238
18075
13557
1378
28060
25753
31758
24093
9627
4438
9718
17745
24957
10355
8853
8917
785
30871
27078
9125
1458
18625
15198
2519
24172
18397
8299
14545
10081
6806
4537
20922
6763
31596
26523
29742
7939
8454
30439
30518
28514
24265
32579
11895
6373
13225
20127
4009
23478
15167
15875
19531
11689
13596
27531
13205
25700
5726
21936
28847
19139
22913
15304
31008
9595
119
26576
16265
27389
31994
17770
32403
12957
29473
27170
12326
7923
2609
29429
1244
18305
16310
23316
28597
26007
28883
12261
6668
18548
3543
17995
21449
21678
11280
21799
21465
4820
27108
6431
23771
4433
22813
26014
6684
7571
25477
18203
18630
6253
23987
6815
340
27066
15396
16001
13641
22340
7822
16500
13602
17124
9584
11461
21129
5098
17902
25309
29387
20414
4060
4877
9612
9672
6681
18827
5050
29326
2334
10935
23231
32284
25558
17571
10235
31145
10929
6611
10353
119
25844
18753
8384
8187
6227
30628
16726
11070
24257
24050
2784
23939
3719
8484
22276
4138
10387
22329
22867
2004
275
23933
11385
7368
22083
25611
16311
17046
18819
21137
14484
13050
28333
27219
7375
16386
26021
18803
22679
4467
12850
13167
29950
20842
17932
17131
4780
3135
28982
26801
31952
18350
11405
23542
26717
5433
29346
24543
13170
9160
6853
579
14617
5267
27234
14259
3381
5953
20625
30903
13494
4433
32744
17499
11791
21690
23187
11242
24042
10702
25767
19450
13338
12388
12468
22184
7377
23606
31386
4901
4627
4232
25757
30322
24938
7947
2747
14695
31196
11776
24636
4090
22042
18848
2956
26046
22266
9404
13382
17322
8743
19617
30609
17180
22807
21566
30383
12829
15422
14985
13267
19687
3714
4126
12595
12453
19694
8233
1631
27513
3754
8327
24529
19907
8491
11560
7365
24737
13479
4792
32587
9650
11468
11390
8858
1056
27057
22916
11175
1757
7437
19704
26614
20524
32679
15826
20144
26212
31501
14775
6135
15856
7049
7965
24182
9371
24145
689
32572
29195
12286
1013
11210
8586
12095
21806
25194
14605
1999
31357
16579
8558
31140
1100
25771
21501
24682
18667
20284
311
20271
24955
32298
5333
5216
28172
12115
15113
14836
25858
664
19204
21991
29117
28140
15035
16106
9849
14250
32747
31065
1394
27436
602
28781
9548
31641
865
20403
29875
2302
7847
4284
24895
31649
18479
4374
26010
27026
27541
17532
17124
31362
4244
22346
26966
15832
10444
21812
21542
9986
27330
10294
23723
9225
24105
974
18626
617
32096
4202
6256
5663
4155
27420
22217
22275
9222
19861
29200
26712
17607
29265
24351
16034
23492
2319
3081
22455
22341
20356
26111
14617
32667
8784
30320
10371
7521
6705
23412
21186
21762
2423
8043
21702
23420
28088
13281
23289
26723
10692
5046
19152
2344
7131
20603
10911
14747
25630
3870
15281
26031
28484
14282
31384
14461
6542
23817
31170
23692
32253
7724
19021
4432
17858
2284
26396
14832
3062
15953
22059
18765
10635
24275
29727
12095
32131
448
7714
11041
1375
15325
11757
10129
23003
31056
31782
881
25560
11965
23789
27697
23962
9648
19122
11601
29747
26683
13129
6433
7487
4064
6976
28364
29906
31664
2928
24980
14255
12725
31954
9567
11707
28558
13972
9331
6321
11865
21100
17022
31510
7638
23341
20697
19312
23240
14744
6157
26547
25759
25460
6807
23804
5717
225
29928
22401
9878
31721
32432
20168
29475
11864
4444
16920
7032
8653
6109
6446
11949
5650
19372
32048
28826
16809
17163
15847
31294
167
13453
5928
14690
26054
5080
27283
4985
25013
27562
16769
12235
29874
6426
11063
11474
7771
19489
19296
17636
32705
29016
11450
9747
25535
26883
11279
338
8586
12111
3943
5337
3464
23000
7548
13770
27750
3694
18798
7444
7269
22297
18104
31639
26868
30554
6499
6538
15492
9908
30329
1306
9368
21611
2237
5204
23579
22668
28057
15941
20471
13869
32344
3936
20963
21238
14741
15648
28028
18401
24819
7406
5016
12093
7951
580
4055
5113
18867
18451
31867
26143
5197
2402
10361
6303
18079
19768
9167
19534
19383
10685
26137
11310
11554
8860
17247
24304
20061
18091
9010
12727
31884
20686
11767
24607
9838
20505
25730
7550
20625
6964
21991
17258
6594
4868
26508
18811
25544
30855
25475
27217
29778
23040
16663
6617
8749
23381
23461
12493
25274
23989
2990
29050
19360
19069
22057
18886
23742
1373
9758
30321
9828
18871
17520
27547
8130
30535
507
9863
16800
4617
18398
19614
14672
31063
538
15287
18401
6738
6237
28565
8598
8580
26904
24753
24982
28612
31447
16442
26085
22105
22482
13659
10131
24162
18367
32700
25396
8053
23531
9035
9616
27014
393
316
4251
17930
3658
590
27815
5213
31534
13905
23000
17761
16793
3301
13784
31337
3753
2948
2509
2901
16583
9411
5256
14334
25468
5332
17663
2260
7558
26448
14590
8901
17708
2611
5145
4705
3790
4649
17125
21052
2496
5128
32360
4244
24409
14237
9165
30772
2118
26539
13404
152
27684
17201
4522
2386
8015
13292
18957
17581
13044
19997
2387
13711
19310
23948
436
17572
28879
17357
24836
12472
19900
3010
9774
24165
20607
22113
27357
19183
25175
1207
30076
9836
10514
17197
10081
22824
1758
23051
6981
30791
19549
26426
2040
28076
20727
25934
15186
22298
25972
9156
16749
24729
21706
5255
3089
7708
26419
4793
11888
10336
7043
1713
276
279
2745
2880
16917
582
10708
30777
1423
23788
24040
30256
2643
27364
5744
32641
18141
22540
25062
29333
17031
26279
12433
6496
3836
21248
14751
18990
30190
6737
13939
1440
12044
10466
26688
13809
12846
13173
7127
29566
31187
16354
8125
29318
18894
8447
24705
32302
20028
27074
8012
9416
9913
7082
30394
31060
12756
5210
8680
3655
11456
32392
14799
3468
31564
18965
23760
4553
11284
28541
29839
9443
3321
626
3589
1988
25552
22468
30673
10076
8023
17028
6863
25317
5229
11369
16620
1900
7042
3442
15929
9357
8780
1741
12350
7806
1467
9464
18320
8527
18480
3366
20390
22895
30698
6628
26856
5491
22976
11004
10505
13587
11286
11418
5527
2421
5642
6573
11472
2735
5870
32144
28856
1671
2555
14570
10344
11388
4675
3539
19369
6923
744
14136
19649
21035
6028
3968
13453
12058
4360
2671
17616
21851
2657
1611
5323
10496
6648
14398
23566
15909
4864
14332
24461
25021
31541
28325
13558
8081
2251
27885
20546
27013
15525
27770
3979
17437
27848
142
14621
7233
21263
14821
8143
10813
29728
16865
24980
1548
29342
12516
29773
20694
8865
9213
29921
6071
29027
21960
27792
21442
30012
16015
132
11078
14800
32693
16297
22607
7303
7765
703
22640
19773
20774
4782
18880
18235
26018
2329
6435
22118
103
7989
26059
31927
15581
24284
15870
19435
28697
27101
6425
1916
4865
19351
13013
8911
6065
2246
11209
28591
11806
24988
4912
4346
15353
31252
15853
1434
3031
23683
3788
24503
30606
2671
5131
31787
4578
4005
7705
20023
4961
19334
13213
4980
3723
25762
1722
1036
12086
6792
20369
21289
2353
27099
12296
5038
14888
13993
1226
21798
25287
28921
18320
3321
15138
26531
26270
8166
18005
15717
13712
8109
26983
13362
23382
4364
26997
17101
24958
19949
5388
10391
18609
22494
7382
29606
18049
11969
24441
11542
4194
32709
11452
8100
22517
16533
17388
27768
23693
2767
4478
25155
13804
19383
28661
19082
15437
7213
28678
8514
12712
21724
27642
27292
4145
12981
27221
6946
8737
8092
5045
17923
18106
29536
16380
1451
2181
16625
24241
21143
26847
973
16036
15464
1203
16828
30929
14646
30345
29885
647
32550
6592
20800
10954
7231
4887
15509
1781
16505
17011
1957
4772
28183
476
16864
1744
1079
21960
14454
11324
22440
29340
30154
11536
19963
15216
21796
10692
11997
7698
32421
5440
8100
28750
24449
7234
32039
12909
29288
7167
2003
23292
27717
27661
5627
4047
8491
32640
16496
28741
13708
8532
15698
21708
28589
20491
23845
10152
15702
31894
24103
15089
16846
12409
2529
16347
7
24363
20733
17211
29973
26299
22871
21318
14052
953
12887
12955
27435
15444
9085
15492
10908
1728
18749
24184
9310
11995
29710
19173
5564
16143
32190
18733
27167
28794
2312
18158
5945
26188
24424
3719
2436
14449
24878
18136
13547
4465
15314
8265
7622
25492
23175
21261
28172
31049
17682
21160
27332
25800
24797
23214
23997
4855
18503
14542
18303
1418
11327
30736
28033
30831
29713
20827
6301
30313
3967
1338
6080
8443
12052
735
23270
12167
22197
105
14918
27063
32377
26722
15817
8476
13755
16524
30913
28181
31853
28125
19928
13299
18094
31176
12102
12378
24223
15550
12104
6634
6259
4597
29901
4639
3270
30824
26738
28278
19760
17695
11696
7378
18201
19120
15444
10013
18639
6662
11824
6706
23765
16481
5393
21499
28543
9886
27889
31958
29371
30137
32365
12350
29746
9360
17785
6311
22928
4841
12370
681
14111
21943
19124
11105
29851
6297
10574
19989
13378
14500
10611
13590
12330
31842
22802
20971
471
3354
6888
8363
2061
5458
23284
23211
24291
10387
26411
15449
7705
22636
16494
25192
20907
6841
30649
558
24742
25894
27549
330
22075
8686
31216
12425
16658
25065
31171
11787
7393
28613
4500
12961
31292
10387
15813
20090
22703
15750
6989
22783
26378
17144
19118
6139
7676
12462
32551
25087
26851
14173
3626
16389
20707
3949
4880
21075
24117
9468
31500
31906
9154
17702
3421
7552
10481
12420
17352
21747
9661
14066
1862
7775
17674
16534
9466
16809
24889
26654
3941
24477
28410
2632
16349
7565
2657
28328
19515
13371
23101
28070
1237
26106
15781
14278
11948
8207
30675
8748
11750
19293
20022
7263
13438
4162
19650
13133
18746
4540
9355
17807
15069
25552
22674
19695
21406
16684
11486
24871
24794
17419
3023
22508
25350
9817
21936
9771
31207
19735
20107
26259
24837
8962
7745
10579
4189
1647
5849
28965
21846
20090
13593
395
30710
11103
3923
25176
16470
26152
9858
15475
28755
17289
19862
29656
1415
3592
6923
8927
22392
2912
6336
23233
26126
24872
9735
19800
27723
11440
16376
17446
2870
21036
9228
2201
8472
18196
231
8589
8427
23498
10612
2579
32272
18558
32311
17777
64
335
223
29802
5061
5554
17947
20415
27114
7960
14767
11253
32176
715
26823
27225
20674
2841
18059
31554
29867
7093
7923
21910
13383
1370
11229
1935
29047
15537
93
17599
2841
30837
15956
5458
24376
31445
19012
2708
15743
2586
29026
7347
24052
23689
13805
5573
12259
31627
13759
11788
5399
25099
24354
15737
23888
23072
26596
9840
5618
24044
15022
24011
507
32708
20113
13345
20023
7568
7394
17480
21943
25461
10568
11032
2687
25010
20499
27762
22143
14792
20175
10625
2245
9950
15129
3136
8944
25955
23474
3133
6888
15861
6098
28828
25804
14210
28863
13150
22828
13485
14749
10724
19321
115
392
5806
25785
3598
25568
2153
5759
28697
13028
10793
14875
19190
12419
26867
12302
18029
18798
4734
5057
17045
1650
20794
22390
21496
10245
10642
23678
19186
8223
23662
23468
19034
24139
21245
12811
12644
8701
30641
26060
23750
18214
8331
30594
794
16646
28312
21394
12420
14145
18108
30692
9620
31030
18350
8671
7534
15244
24900
6293
16168
21517
28913
26426
15987
26552
1932
7131
28542
16145
15442
24140
21015
13500
12591
29539
22548
29258
11321
99
27377
28499
27261
8891
29882
26309
4095
12273
28715
13947
22780
12761
17431
23826
28786
29450
28166
2552
4067
12178
16418
29637
19541
15849
13908
26831
13469
17444
9898
19960
9437
19819
20732
32715
29516
21421
4559
18888
23093
4498
15481
26619
17219
12466
24710
18132
22523
10244
32347
30002
31626
24217
28441
31937
4545
26250
964
5254
14174
25647
8101
25016
20365
30097
20972
15058
2734
11810
12954
8422
19033
31404
1694
25396
1695
392
28478
8443
6291
21264
10425
7567
3594
32342
7211
6828
27294
24087
18608
11530
31225
12778
18380
16177
5968
22461
28939
13967
3629
14722
24804
28360
30834
17190
26339
32589
15771
29891
7944
32560
5955
25878
14954
15159
16105
18483
15135
4655
10485
20087
10080
27522
28918
28607
30697
31756
23342
30423
17823
19755
3920
24886
31349
14869
28808
26344
2448
22383
14012
16075
29354
31003
11538
29438
5300
19025
14770
22935
5055
11249
4813
1428
22044
19735
17630
17429
23746
12784
28207
31176
31473
7373
21407
29860
12565
3446
12964
1498
12013
19137
29836
30728
16620
10851
9992
13744
11488
2821
24042
13290
16849
13467
25134
30037
7980
4849
21047
14675
30497
32390
5980
11126
20553
1950
21667
10037
2700
30611
13004
25572
11074
31852
11666
7395
13464
12976
17965
2581
3125
381
16155
15507
13598
31956
17696
13218
24791
16951
10636
15843
7116
886
4540
31434
6383
13254
16355
4177
24737
2835
22795
26862
26326
21399
19542
3522
19572
13740
16266
28947
20477
30174
9420
15612
12654
22853
23980
31331
3431
9234
3938
9260
29579
26215
3159
31404
15402
2924
30440
11105
24862
24223
358
8416
24050
31595
28513
3854
23370
23293
15398
3987
10622
29779
2694
25228
20105
8853
16857
10112
11042
17833
31811
8854
31528
20738
10806
25093
13635
15544
3896
22475
3529
3294
31719
15266
8414
25360
26938
18736
2016
20043
22793
11902
24066
19713
8144
16043
30774
13677
31664
15586
21585
30757
7350
21385
873
28910
608
3003
4994
14803
21085
22777
15466
13433
3221
3356
21474
15789
16489
18574
19710
16191
10044
15034
18127
5139
18482
18113
28223
29301
2359
24687
14139
20653
20804
13677
12568
30675
8157
30392
31279
14565
15839
22097
5835
30743
27512
3383
12102
618
12151
32146
31086
24960
11206
17713
20781
8623
6964
21558
17514
15956
23672
23568
5674
10346
11891
10922
31995
7003
438
17890
8338
13333
836
23357
6835
32353
17561
22489
32593
27760
9451
15523
12279
27831
24495
713
32358
4606
25695
9331
25216
435
23419
7598
18276
7299
31950
31144
13275
5420
6898
16419
20979
27020
2070
22308
6633
29182
14335
11499
9292
31463
17229
15912
26464
7308
12288
19564
25537
17703
9018
22750
1096
10553
24646
14127
13618
3617
14554
19664
30335
8942
21145
20578
28057
23410
26076
7534
14902
407
22962
28758
4735
28919
24870
7819
27250
12454
32192
7937
10885
24402
2894
30432
14732
9615
14563
24189
24028
8812
4897
12936
14769
1610
948
1415
26317
20462
27167
25986
30050
24532
12731
10752
21042
21958
2300
24115
22517
27822
7671
7024
4091
18601
1057
26594
26130
27484
10074
28030
21418
17035
28714
7481
17975
1255
32074
4729
17623
20776
5734
19146
6453
17244
15393
1491
32685
29823
31066
24968
8881
6219
22957
1697
25963
11601
10557
31050
16803
29513
25009
25116
15588
7079
26749
25420
14554
26735
611
20002
8959
11593
8249
19629
18295
26328
26860
21430
19255
23624
9413
28914
4461
32550
28139
18811
4124
32117
18986
23681
22535
14846
4594
24125
21457
7911
18595
16167
610
32391
18951
13161
12429
30329
28960
20115
30191
2287
7205
1936
31002
24649
12743
14553
16115
28903
3000
28904
2392
27963
27246
9968
2310
16418
22053
10187
26298
372
4387
20276
26519
6361
32575
24886
12488
735
9892
6116
28262
27722
11731
14667
24988
6060
31463
18853
6665
16693
22557
11728
24165
29899
16787
20990
2152
2653
16464
10413
22503
15477
30341
5594
321
3341
16658
6769
31481
27812
4684
21513
20132
22417
27134
9422
28934
23958
3758
6078
25976
18360
27681
21785
12428
20558
15137
15122
24052
8537
22141
28363
7584
3347
24914
31104
15399
13515
8841
17923
31336
4591
14753
4712
2161
5483
4270
10753
10144
20785
12194
31629
14343
24601
21708
24492
13589
32748
30366
9110
25971
4539
4787
11277
16941
29814
28177
17552
22802
28090
10923
28370
11869
5353
22058
18026
24981
29824
21996
19660
6577
21925
21581
12664
31872
27136
4902
27249
13640
18380
18324
12529
20142
27694
25339
13915
25557
14277
27978
9585
27850
6530
21632
17351
10784
23482
21871
18295
29655
18297
25023
13591
28547
4634
10039
23016
29097
18708
7224
13904
3693
12311
13706
27787
7530
17752
10588
1949
13538
24617
25477
11915
24599
7628
3856
6090
5368
4233
22776
20728
11520
25854
20528
11978
25948
29111
1766
31046
10828
25854
22793
10290
12747
1268
31753
17356
10610
13793
15326
15803
31642
15049
2379
22086
28609
25664
15716
25028
10799
8574
13902
595
20184
10166
12614
10701
19333
9124
1508
30712
3375
10598
9889
18685
9387
22156
2712
2076
7821
23154
25737
6813
4678
22734
19235
30474
11407
23173
13955
15515
14603
16579
30456
24306
28455
28234
2313
14856
1606
6922
27321
8808
21787
1522
22025
17819
85
30983
1215
28387
31874
21427
24934
1068
26413
3935
18838
20287
31562
29252
17781
26425
9429
25725
22654
20027
30645
7009
20353
5988
3558
3857
12267
10492
4311
28237
11336
28402
29201
1164
16902
4489
5914
17995
25724
1102
31897
30629
22827
333
5306
8484
10563
17540
25812
18135
19561
7064
9802
5540
28855
7623
28335
31456
1028
8222
9005
23069
25190
14828
15143
21827
19958
28022
5661
23267
5075
18668
26832
28359
618
5020
1447
24782
5364
23398
1106
26103
30783
30320
3245
18363
19634
19739
18663
7584
18828
53
17123
17675
9580
16240
12510
2901
26646
25618
30035
15906
2420
9199
22043
5614
475
28820
11993
12009
12176
22214
8853
1029
13707
29227
4263
8269
14202
18758
20695
31352
5897
9641
31426
11966
5729
15461
15488
2794
1006
15046
1155
8369
21350
2877
706
21058
18439
26270
17687
3358
5152
1419
29414
10026
4562
1584
27648
4610
31000
23090
20167
22673
14085
20705
10642
6879
19021
4533
23379
31785
18695
6904
26487
14135
29617
6336
16653
19690
31093
10272
20779
277
20906
23199
15501
6541
20126
3561
11392
4996
19859
27589
7934
17170
10247
9799
539
4373
19001
17479
7840
19259
4840
4626
5621
14941
24670
2654
30532
29455
28333
19332
12251
5237
27449
27881
23250
26968
24950
18621
13294
8056
25843
3561
12742
2340
7320
11842
2852
7433
4908
32003
11182
10312
28953
4474
23494
26315
884
16897
8110
30168
13368
19248
4592
21734
22482
30545
15613
26800
29667
23060
14356
13449
25409
29829
2917
15855
31551
21818
8055
20066
5678
2257
15303
1911
10019
28314
22706
32040
15099
17808
18580
19054
2717
1422
31794
21522
639
22719
26197
11711
25452
18775
17080
21853
24708
30592
17444
14490
24196
27543
28122
14537
14407
22681
7217
8432
11405
25304
128
16924
22780
16115
5182
10744
26212
15620
18280
10142
19015
5147
28195
4781
16793
492
12707
2204
26820
4804
2123
5198
5359
9666
30998
29670
21120
323
11829
28892
11487
2974
6906
32337
9085
31762
14580
4511
28694
6140
8284
26933
563
20557
32687
13730
21490
21308
13981
22767
31753
26168
6178
12338
8457
7201
6131
7008
12768
15287
26395
14179
1954
27219
17382
32364
21641
28373
254
17035
1082
8413
2004
13949
29001
22590
23105
30917
5120
28847
22382
21758
3676
13764
18417
12143
14681
19229
30008
20192
5999
25822
20523
30892
20573
25694
27405
4888
6693
11556
19107
16867
13144
17935
21145
12574
21139
6868
20769
574
12106
29102
28125
3952
1988
26960
32767
31020
18535
4895
4015
12813
14390
32158
1709
31968
20120
17193
21559
4347
5723
28903
2093
22736
16888
23034
10611
32449
21785
11000
19351
15414
1880
20895
10163
7917
17482
3268
15509
14482
27836
14477
14878
27792
15676
10976
15336
20518
32220
13339
5931
20669
24370
6150
16354
5241
10403
4870
2345
18702
7138
16275
17642
21717
12723
28651
1720
7711
5109
20488
3579
23753
30943
25552
6990
10768
17290
13709
13605
17063
3503
18588
8115
12039
32435
9321
3083
17927
5088
2971
17029
15788
15862
13195
19555
15938
30690
4091
24756
11179
15053
1797
6265
6392
29528
8529
11783
6710
23590
2699
19372
26762
24988
30228
11669
3201
29412
15352
6895
673
25656
16929
31309
3652
18013
1482
1354
11942
22381
22838
24431
27196
28890
10657
5207
25671
5808
24951
16656
28842
3098
15044
27845
6648
4392
5611
21658
19922
11727
10396
11992
9072
11826
6400
10570
28797
13343
22838
9959
8232
477
22275
176
120
25125
21445
19932
31199
20846
30889
30515
25875
19566
31518
6584
29465
26589
25994
31882
23458
5500
22587
7692
17819
14934
22176
7236
7680
31301
29881
31873
20721
23737
30924
5697
6407
11957
17754
9553
22760
17946
8017
18230
13081
2600
9347
26572
21524
25922
1623
24877
8859
1009
23742
21204
19019
1324
9577
29699
21620
32727
17210
25953
17192
393
4600
17896
25234
27282
25158
3838
17545
19261
29142
31714
6757
9810
13274
74
24850
15583
32187
4683
4963
18232
27662
19320
22184
16189
5060
9550
21890
8155
21408
21712
15606
15830
23023
2414
4033
7621
12915
4907
17387
27486
28832
13311
24223
30195
18955
8314
570
22077
13599
29611
8866
8537
24593
6720
21465
19728
5143
30958
26322
10587
22741
21012
18563
4902
27672
11931
22331
17493
25031
20000
8758
25861
23
25173
18287
16916
11261
6564
25525
19683
31209
15638
18689
18522
14001
25972
28423
18221
31947
2988
21003
24414
10688
30837
13302
14084
18397
22326
29609
20042
16428
28708
28305
10938
26787
19883
8315
18364
17050
20752
30122
28761
32131
31316
807
26181
4565
26459
6489
31261
2121
20046
25813
30957
16713
30525
4471
4853
20645
30985
9138
8109
16777
15745
31780
25350
22188
4299
14702
14323
6857
16390
27714
17448
21843
2861
20926
6433
14181
28222
2040
26215
21752
1436
28890
8463
15960
4530
14128
17539
19929
24026
10751
4229
32197
3709
25112
26736
23194
6779
26094
14273
25970
29645
16293
32727
31427
9065
14699
29431
4424
23653
13323
16531
25919
19040
19391
30412
25557
7966
16198
7477
27359
9074
19767
27866
12490
20321
31637
18817
26837
11652
32163
24623
30589
3502
11258
3822
19257
19151
17112
31182
11624
10264
23227
28970
8072
2400
20271
3372
6312
2759
2020
8851
14112
15257
22531
29876
14975
117
26562
18623
22981
24750
23607
15940
18899
17137
12649
4342
2079
23848
31405
10158
15788
23455
32048
5299
20026
869
22736
27448
26554
21494
13104
3622
9732
27670
6411
23580
7884
13824
2504
23732
27090
7872
24911
21257
31066
23774
5148
22902
22236
2620
29073
27296
6140
5441
24721
31670
8124
19767
19018
3063
32753
3570
10066
19829
3828
20147
25334
19225
1433
6220
2255
12264
14693
9860
28822
4996
18171
14524
23608
28662
16600
21971
15405
9386
13888
1864
3590
10939
9848
20382
2374
24178
13366
24581
3699
521
11606
20790
3181
23988
15054
25503
20478
8418
19684
2752
29105
26815
6047
18389
21992
4094
13179
6069
29481
11223
13920
30714
21177
23115
22741
18274
32620
17839
31602
1397
22203
360
8339
13672
28695
9204
11860
26690
3709
16938
3257
12861
20555
12226
29740
3951
4434
10519
45
31657
13100
18988
23109
16800
16335
30445
4411
17738
6755
6328
28811
19851
12881
21788
27668
4369
27805
8673
29713
2685
14197
23112
17738
22467
31754
14739
2444
10451
25246
24264
23638
377
7390
15795
2005
21121
10867
8490
3602
11808
19412
8853
21099
7055
5982
15021
30528
19961
25766
20355
17390
17047
526
25540
9985
2586
26774
19260
10405
16713
25077
2202
24926
31979
21737
14451
18681
11495
11211
11657
29123
15018
2406
8780
1016
26313
16393
9121
3454
10727
16091
6371
31187
7386
26991
3367
17989
11273
3480
7621
18017
6680
27519
12820
3245
5576
1010
24692
19354
26392
8447
9362
17076
30641
19650
19175
3100
14976
10875
13698
24120
13989
26083
24072
5545
14732
11457
14585
7037
29785
26296
24116
31654
2186
8035
6846
16299
18391
22180
20415
24990
11101
11064
17101
27470
17916
5007
17261
5565
13822
6363
18903
31957
23033
18536
29434
15190
19702
20267
32192
787
28114
29597
11667
1374
30181
25034
13856
16321
25314
32164
5211
239
14334
12190
30915
14841
23125
24438
9959
28613
3209
4434
28201
24765
19884
22799
8130
12996
8032
6102
9734
15726
30524
14320
8425
17520
24434
23259
11203
13909
2735
11677
12368
17267
24387
22360
27387
24862
15746
13855
1116
3355
1386
24072
25599
25943
8070
3714
8295
26585
3345
4585
12370
28406
17247
15192
16703
15812
22137
30399
22318
12497
14088
7989
6567
26388
1908
3983
29181
30499
19532
8497
24276
1191
31721
3364
8417
18957
12622
25449
9457
27263
1619
3213
20269
8211
22787
2430
2972
6722
66
26013
18409
8347
13235
3860
14951
19896
10968
2410
6738
30322
14203
11861
11608
4433
24397
28879
20055
12870
14542
22123
20841
28317
3948
6890
26910
15661
4847
12809
28936
9938
5652
7070
16765
23325
8312
15843
28824
32073
22456
14866
9345
15729
983
28466
23278
4609
13024
7984
18922
9579
16332
27185
15830
19483
16549
5159
6317
5804
8172
18594
22156
21596
25913
20714
15217
6589
28961
28746
3650
8110
12380
23214
1298
3722
2599
31089
18081
2463
3560
29296
9505
3810
9233
9571
30272
32480
17990
4973
11362
24824
706
25841
5422
14280
20215
424
24909
31205
28020
28400
22894
719
27404
26727
25742
4132
30517
26297
17270
7955
7086
2230
9605
15892
5989
4776
31407
9942
24727
30691
9926
13433
4665
8861
31224
2558
18583
28160
4762
31996
12603
1662
3108
6292
21008
9317
8060
19622
19399
21683
6263
7493
7034
17451
17565
26217
8079
16552
16172
2020
25568
25778
15968
3480
31000
8527
17906
10214
23392
6683
25310
2154
11324
1947
21610
30437
17327
5071
18020
12922
23718
25862
171
29470
24724
19190
12273
8010
5721
16908
11198
2546
14440
16641
23992
19643
13865
1198
11811
4713
9372
20001
6564
26006
8768
18160
21578
22442
12851
32717
7630
5127
21146
15707
11034
13188
21059
1857
18697
25629
10633
11644
7278
14569
23160
14329
9047
13900
7218
29795
23443
28269
21905
5690
12913
16874
11022
7461
8651
6347
9186
30089
7747
10165
10859
1882
15053
5472
27600
10033
9582
5195
23272
7583
24899
17583
23128
14530
25028
29361
20988
7189
27466
1243
13193
17036
23759
11981
12912
26337
18165
15408
13061
17960
29770
2028
13536
28842
18123
29595
15491
7408
3751
29501
62
12574
15941
301
23632
30339
8071
3668
21071
11117
28241
17052
6090
26434
31813
8615
30764
1228
16849
26562
3555
1749
108
13076
5826
10996
23068
19739
26532
7846
572
10330
17235
2720
27516
26187
6312
26724
5929
31131
27635
22035
27055
14486
28572
23682
10332
29665
4107
23439
1126
25959
30406
4278
22320
2965
18649
27615
29641
17610
9339
9850
12725
16137
8686
20686
5361
4082
23463
18830
14129
2288
16815
21422
22124
7091
15433
15988
11418
25313
25045
21458
29885
8968
17396
243
16670
22488
6125
27924
1753
8591
15952
29333
667
9908
28121
11856
23211
15880
1430
6441
8743
29882
19020
24550
8593
17626
4888
27970
2186
4112
10578
23100
27868
12942
24502
14517
15038
16963
9414
27706
31316
20049
5226
1311
3702
12994
19674
20941
20658
21622
2749
6748
11924
22880
20627
14949
11300
12531
7504
3345
28593
214
30281
24438
15053
18911
18516
23844
29849
22847
25643
11002
10563
23034
6674
9279
8908
6811
14522
28142
32527
23333
29540
21584
26367
14156
29513
9936
19248
229
6202
1548
18841
7836
11396
22568
8344
17125
4118
22375
21302
3893
7910
28412
25261
30577
22160
23069
16679
31143
32576
14682
25033
32252
23507
4653
2544
29413
9529
27858
18362
31130
21790
1112
12745
14024
969
15609
21571
7046
23876
21671
28445
14987
29117
487
27034
32158
25900
29922
7950
20301
16950
28345
26856
3298
29777
25370
2543
21651
11562
22545
24268
1017
14660
30752
30665
31428
2017
2705
32728
30124
27173
17931
5335
5547
19833
12644
29970
26473
29998
1718
9738
32504
30562
19637
30837
31681
296
6719
3461
2238
9699
14389
16749
11498
15859
5514
7970
32758
6292
16793
16734
5950
1282
24764
17643
16123
30434
20250
12318
21434
18909
26048
29602
20493
26766
5620
26742
25216
23198
20165
28473
8142
32301
24807
5286
9557
28788
21694
24411
16328
27049
26297
10974
27172
4131
7649
13281
14565
1727
12466
14789
1401
14978
11305
22878
28149
13184
4382
1270
32007
27900
23508
15764
3627
30928
10703
29054
16930
29200
29157
9212
6049
746
664
16991
31814
464
15011
19010
27087
27098
12243
9488
25486
12901
14360
23750
26648
18945
2268
3578
11070
14474
24723
15133
11326
11412
28308
25853
31802
30732
27943
3213
18664
16413
8671
489
32652
25681
14378
9365
7203
24825
10790
30981
30945
12494
11190
14179
12766
29144
19414
14220
28941
20879
16427
24156
13933
1089
3806
28715
28803
19379
2731
27799
30983
20747
21813
22404
18910
21997
23453
4962
32328
229
338
12463
29787
18693
27947
22204
8880
17615
11443
10675
30300
24661
8644
20953
19745
16030
28247
2065
24550
19020
21146
19362
12645
14716
12611
9529
21796
2286
11812
6962
8870
12902
6912
15123
10466
8785
9886
23641
30196
12460
539
120
1811
8482
28804
29725
29891
28276
29861
5558
12107
25886
4379
25908
24426
20792
20145
16655
16198
17306
31977
29835
32677
12867
24792
31547
3423
30716
17975
7619
19220
30520
9912
19425
4890
25663
23446
22447
5561
31371
3440
30242
26523
8562
22103
10455
21630
17414
18982
29967
18988
24634
22801
3064
28589
4422
16513
18478
15547
6476
32288
9345
9590
11835
31023
4089
11865
3572
22048
17175
31853
7595
10337
31326
13756
6288
30326
14866
17929
4527
17482
32576
23486
19733
6087
510
12582
13365
11172
27892
30172
27018
17534
11803
27780
16253
23595
17605
4280
5768
5963
12510
22853
26268
14623
26481
27288
30656
2463
28781
19827
3580
25030
4522
32229
3189
21041
11047
26232
21465
6120
10390
7084
24573
21372
11290
27556
26821
13906
22095
5664
2629
6718
20363
16555
14373
14163
30307
31510
74
27642
22385
26660
24754
19266
21077
24199
13472
25975
4090
5643
31994
32502
11803
13586
2031
10559
17413
21056
15324
29260
9374
15991
2417
7714
422
11014
18704
7845
21565
29
1909
15792
11941
30597
1436
11621
23370
20365
28639
29378
27903
10824
4192
24181
9355
27893
166
2034
20324
13247
7819
32450
954
11687
18517
9758
23991
29886
9251
28348
8710
13975
30347
25321
27026
16636
19585
14552
14992
18144
31866
24378
12991
29077
17106
14350
9966
4671
32107
30139
23488
1929
19096
20060
15276
11158
3897
31067
11847
24123
10279
11073
29894
32619
19154
972
12222
28146
22824
8771
29231
24166
11449
21510
1473
7771
7449
4457
17485
6103
17798
15554
10911
10502
19915
22465
2171
9262
14948
8960
29149
3044
2019
23515
21893
24449
5523
3202
23731
3024
9050
8780
30768
21513
26340
15951
16013
18179
31741
29741
32687
5285
13375
27440
12684
22430
2542
5530
6703
10069
14880
29238
23298
1571
18977
3123
16716
32705
31765
11570
32761
3068
30431
30110
13978
2480
9538
20284
27052
26099
4166
28163
20509
17297
14558
21293
6668
14009
13511
1678
5329
26869
4787
31269
20541
14687
18855
19441
10530
11539
14242
23045
23830
17376
29567
23775
2933
1347
30236
31734
18341
22933
24252
4242
8350
899
22186
2784
16809
19903
22560
11590
4199
16629
23654
4596
27670
30209
13630
11964
29200
22623
5504
19235
27540
27874
3330
7352
18633
28841
31674
32164
19712
25680
16423
29059
20538
22371
9452
27762
14826
2072
20927
4201
6396
11069
17281
21708
32021
28783
4014
19516
29981
5773
30456
31923
22267
9324
2863
32208
13471
6604
27748
20847
8774
11403
24910
10877
12793
26137
20205
5643
18519
13612
21356
15008
11925
18357
2124
8660
1475
16658
12223
16410
32593
8325
20818
11998
32465
27621
2511
19664
2302
29331
4706
14463
9214
15536
17146
22825
3300
31373
5106
27089
26233
2147
25329
14995
17724
23109
32527
7221
15527
25682
16441
10750
20916
21295
11734
26059
30368
10421
30890
23135
29679
4326
19451
14331
25264
806
14835
7982
7170
936
18246
3567
16855
6438
23061
8937
17656
19157
4113
11030
3146
15000
16355
11663
8527
12147
10700
27043
1519
9283
7048
31526
6009
11949
2937
6411
8933
21077
28417
8758
3676
5200
20528
27787
15354
25307
26271
2635
2514
9549
14235
31136
4914
2122
390
29302
5929
23098
30331
18061
10311
3065
2609
1996
2468
10704
22306
26841
23843
24741
24300
3046
1784
25454
10743
13262
27240
17644
2648
2912
25552
6549
1525
30458
9193
30162
11242
9307
20554
7274
22828
19634
3375
28990
12396
23802
21624
1080
18751
30858
15861
18558
23163
2536
7392
19435
25572
21983
5803
703
6920
17617
5885
31637
8039
22094
17655
3990
14807
29412
23995
25325
11047
4153
6191
18810
19971
23384
30206
25547
4119
23881
9696
2120
1656
19940
23324
19629
8511
2278
15947
17342
17015
22853
23390
17206
15417
3777
12514
17920
31253
4540
17539
16041
22964
26955
24783
28182
30396
26509
24637
4722
28148
28732
10606
619
23465
3457
16562
2206
6480
18189
4814
4943
32364
28517
23805
3166
10418
23421
22068
28022
3947
14473
32170
25736
26139
29712
12952
7288
4704
27202
31037
32278
14620
20107
4390
32079
9942
616
16556
18085
5982
20090
31166
24796
8368
12761
15329
5878
17691
15274
22388
15970
28835
8948
30265
11633
26019
4271
3345
30217
23735
20510
6919
14493
23512
22879
22928
9052
2249
27201
16913
29097
31411
8533
3234
32716
20236
20296
3090
18151
1468
29295
2859
21803
26755
4260
3895
5707
405
25425
9155
49
25992
2506
5026
30705
21616
13792
13109
763
30281
1715
8170
6292
13973
1479
6403
10119
837
31322
21913
9239
29405
1781
31712
12857
5588
17730
7596
16384
30521
21533
24116
9305
4253
3053
9494
5624
13612
19765
668
3730
14365
7526
10558
28237
21069
1528
8296
29557
2854
27064
5245
23152
10438
17508
26651
14836
27485
2165
27297
28535
6103
3900
22510
12263
5564
20272
1388
4252
9300
19591
24654
7307
27406
30723
8469
18876
26914
28687
22617
25342
2166
22538
14534
14809
22463
14819
16997
13508
12264
9702
13084
3480
18615
1237
24697
21573
174
20539
24235
2499
23599
9469
6353
26444
32740
25650
15992
9673
10846
22068
10846
22922
28924
1015
9852
13881
17423
15002
12612
20241
32315
27964
10280
10059
801
26897
31579
9945
12602
4021
20187
18263
11014
3008
11439
3391
15207
13210
11373
8540
22855
3729
13312
7809
3713
12328
13736
26490
17919
23986
3906
6467
17696
12832
28362
28024
21596
13336
24606
8461
23338
4679
26629
13119
29473
31223
20591
4298
13918
15332
2559
32605
19751
13131
18118
23883
32461
9029
12882
2435
18903
32339
27367
1986
18268
19514
8204
13575
23985
8721
31305
8264
1605
24728
12336
23395
10952
11467
27802
22615
23955
22199
27187
9908
28996
8845
26681
9552
13224
10229
23680
31804
20447
15268
1722
29430
7098
5937
18677
30432
21608
13092
26981
26097
3666
1873
8548
29099
23619
9572
7607
11853
29132
25020
21523
8777
17639
32381
20959
27128
29402
3296
26684
17293
27742
30926
22851
5960
11521
29358
27277
20460
457
11131
249
6002
8986
5913
10665
19455
9689
10473
13390
16660
2002
16027
17062
8452
23383
11587
28995
684
22058
9391
32141
1886
18334
23800
3338
5406
14840
16984
31197
273
17179
4923
18573
15922
18533
9369
11016
25671
14804
16514
13544
8980
2157
21243
9460
30158
23518
22792
26602
10962
19298
17930
14460
5015
7653
21323
152
28897
21865
28120
24556
28472
2472
13967
31658
18329
22010
18552
31624
22635
24186
14681
22540
19124
12388
2180
24070
6029
450
28660
2910
468
5192
19352
10511
22560
16252
2799
18036
4858
26138
24789
31171
9034
23222
9629
2519
1295
30627
8031
25906
27219
28180
9363
2626
4703
4225
19679
17635
8491
7244
9262
25894
2840
18085
5122
21328
26849
4267
30475
9510
18383
9939
2808
6248
18989
20366
13453
5788
11260
11558
18934
9740
32744
22249
22363
27666
14458
3466
4532
9363
20878
3780
27615
13002
11784
19520
495
12103
32195
2489
20168
5943
16330
9822
24553
229
13515
5496
31624
31105
21960
19020
27876
28705
8976
6979
27351
20997
24430
24648
19626
15391
2976
20594
302
26066
13834
25315
31752
10491
29356
14064
3405
19246
3922
18306
22351
27714
22538
28091
22198
15887
32731
30429
12498
26998
436
20840
15407
17570
3491
5507
30570
16014
22087
27805
25156
9159
21128
7252
27893
8308
18309
14486
29123
9107
11982
16646
27858
1925
19668
11681
26174
9165
2974
11937
16999
11285
28093
9121
27788
113
11649
3587
3996
21224
23661
655
20808
17969
5865
24156
17245
27066
8247
17140
32593
14063
31400
7603
8219
29624
20496
15984
3656
7747
15991
16736
21068
17925
23825
20534
24854
30203
3441
32399
5863
5174
27897
17806
21603
23190
31381
25283
29161
19670
17577
7762
32032
20424
13127
15441
29906
17890
17062
7537
30462
21754
16847
21217
5416
14670
27034
10607
17140
18887
24537
28657
4851
4479
31443
31971
13757
8832
22772
14161
28480
1487
8386
9976
30295
27817
32019
20392
29343
1804
10621
23532
3206
9081
8975
23277
17316
31737
20798
5524
32591
21598
15138
16111
3433
19915
7395
982
893
4982
29038
15822
13834
17581
17516
19757
14879
16407
24692
24191
9512
13373
11647
7977
32520
6472
21405
9548
6760
30732
30183
3820
18254
8774
6581
7250
5105
16418
3601
18862
4044
22273
26475
11265
17649
11640
25486
5434
23456
12444
18898
17311
7192
15997
7059
8303
17069
31216
10467
20934
23067
2962
23932
9152
4122
29705
23032
3297
14386
21389
11589
20917
28881
19112
16979
2995
7835
22585
22031
5991
12801
22719
2453
11729
27413
2772
25761
11528
3996
15608
23623
21538
18277
2192
12773
30296
4826
15918
15957
26982
4053
26387
32103
13105
181
32755
28046
15020
18864
20728
6105
32764
22635
1801
21541
8155
10695
29259
7570
9786
25086
3560
2867
29738
10992
13584
16650
15612
19639
10558
27955
24231
13441
19901
9567
6507
23967
15466
14468
27316
20697
6075
18643
3905
11781
15872
16875
28805
29656
16873
32588
334
31227
19529
14094
19876
20833
19225
31955
16884
32473
4544
28922
28014
17375
20114
28693
17323
27064
31126
22173
8595
17086
8332
11493
6526
22008
13358
20301
19097
26861
15031
26296
18316
23482
2978
17728
20569
2915
30900
31528
25479
11879
2108
14353
27265
24471
9370
19569
1337
19239
25854
24386
14608
12806
21362
11255
1786
14187
21531
23732
11485
11441
4539
21694
5691
20324
4987
32561
16401
11676
24552
30193
5119
9353
20795
5346
32424
11600
32477
19804
17756
27669
24618
19929
24309
13657
3190
20977
21502
32135
15437
11913
27163
26313
28671
28231
7844
24864
24412
4681
13460
4276
5821
19222
22946
28265
25924
15828
9901
22194
100
10684
32605
31402
163
460
5384
26465
7070
20155
4306
6003
16206
27954
10521
17120
29323
31801
9744
24855
7886
4080
6569
4436
10043
31871
20153
23852
28895
19791
13143
2407
16438
15483
17028
26893
4080
16001
12562
26307
17652
30270
25022
14424
25510
9497
25760
28828
10853
27518
1477
25457
13656
28046
12058
4132
3947
12308
8587
1533
21652
16827
18797
30484
18779
1151
12825
28007
2969
11106
23770
22058
16512
16480
32522
22366
25563
18084
27511
9125
7319
19708
11020
16469
14979
1163
2221
29131
16724
12222
5218
16898
9452
32129
25016
21860
6876
9394
1380
479
9511
21461
5674
23612
14921
18698
13565
12204
11895
9789
24680
5028
16937
21917
5932
5099
31190
4687
3627
7922
8958
26979
32132
11875
10862
18183
18688
24060
10176
25594
1965
25758
16929
10052
11976
9121
21079
20517
25568
16491
26114
31819
14905
31809
2081
24135
24431
15964
29401
14402
31579
1088
3698
28396
18234
11337
24995
18614
8204
20103
22287
11585
6203
6092
31759
30998
19581
23298
7346
14743
32763
19650
24834
25910
17331
7459
20361
25572
11547
25552
22804
31692
24583
4702
20919
30274
28620
24796
31505
4342
23462
26795
977
3950
10839
24976
8313
179
26897
13575
8547
3402
4502
23514
10753
24933
7070
14835
28008
1883
15737
27758
5136
18006
8181
15859
11989
22859
2434
13635
23362
4656
17556
29200
32015
15721
17737
19474
12520
22915
21068
26711
23665
30500
13561
14555
32646
21826
13506
6744
10951
3476
25041
1119
16212
25926
29422
32680
23509
5617
15012
22183
6846
8906
30623
13407
1489
3610
1113
9595
25316
750
10742
12187
15844
18191
6764
29420
21530
2356
21990
2555
17581
24439
32619
7115
10856
2566
25786
21541
702
19995
15737
13871
1547
32046
25999
32064
21789
31849
5839
32755
8179
24668
26070
18810
10692
28914
1590
23861
20036
10659
6612
22659
27682
2540
3982
26329
22741
18940
21793
15377
16792
18353
24650
2308
7603
16322
21292
7770
5629
10046
16370
12705
1439
14645
20405
30877
30746
3252
20640
3807
18572
18167
28498
22937
17967
15835
8067
23985
546
7826
30699
15380
10860
27802
1375
18509
5694
27888
22846
27990
26488
20865
22283
21678
25967
14561
1371
939
29933
22079
26098
25362
20858
21913
6441
25829
27610
20524
20627
15484
4567
25903
21727
23767
17217
19136
8960
12595
22578
27423
25740
17371
23702
25114
18274
18241
17643
28360
30864
13645
24646
11642
18036
30965
11159
11759
11809
22030
27181
14791
22531
866
10109
24378
18375
11010
1567
5130
17269
17630
25
1206
13791
32658
31840
25585
4159
11139
23964
20050
28444
23595
28204
5709
1645
13233
19818
3170
6401
3261
16944
6036
32542
30346
5787
12829
105
14141
24846
7776
1285
18549
24186
26655
25087
547
16861
1518
17642
26524
7433
12008
710
19180
18087
14496
20007
14957
24955
4443
6291
27801
26858
10876
9003
7709
26297
26431
653
5678
13847
25514
6650
17696
30686
10177
20916
12597
7190
6906
3242
9651
9403
19440
8535
22585
1471
24667
23016
30802
18003
16704
16285
23883
18275
22373
13681
17986
21343
27656
9725
24704
23361
464
18586
2057
1228
14852
16838
30320
28177
6651
8905
21488
19000
17620
3224
24249
15229
32103
31225
7304
3705
1146
29928
19066
15011
10041
15161
32546
19478
4576
5760
13017
6805
15035
27438
8789
29132
31056
17148
16254
3800
7643
22157
9340
5898
7418
23118
15637
27624
9130
4770
6710
117
10098
29500
9167
5043
18142
19915
7396
29797
3631
21469
11746
12825
29777
28669
26927
24422
9229
14879
32260
18803
25984
2879
3455
18616
15308
29764
22004
3849
2829
7210
10373
5840
23183
18784
23794
6042
1854
6767
14258
9173
31325
12765
30274
21463
14459
22865
30141
8739
23715
24567
10157
23784
21460
14374
18720
20683
27824
6209
4095
4326
3960
8923
17052
17
12856
23070
28042
32608
23871
25197
11185
26093
21458
22600
13473
9687
13602
15728
9511
17034
10619
16716
13854
31809
28605
26764
21896
21706
24336
22540
21982
20873
12500
18171
10148
7872
9943
23612
20799
30734
25035
31500
6411
31285
31735
17126
5545
16928
15404
18083
6294
32036
29947
16102
9986
20102
25637
15287
29919
11837
9811
6510
5688
9466
4871
15571
23236
2406
5331
23171
1979
8874
20937
19862
25576
21557
14386
16766
18944
14009
17283
13106
13618
17015
3468
3469
31743
28349
32755
25840
11596
27309
14817
5679
17333
21311
32251
19627
8997
2698
15508
13243
5283
5183
3616
22353
13423
7030
12780
30682
1614
1453
25869
21861
9250
14093
9623
13832
15037
27632
13839
11135
18679
19361
29986
23575
21758
6242
23958
21195
3054
8372
17026
6828
32674
21970
7098
10630
30409
11135
30350
24000
828
9473
24244
4996
21135
13166
21378
5408
27877
18726
7520
27308
22025
18081
6014
19693
17595
9323
16834
16250
25672
32364
12037
5661
21598
25709
9086
27004
23325
5080
30590
16121
32113
32447
4702
26582
29088
17440
4534
23453
8223
32104
28880
4543
9898
1333
17501
7803
4499
7008
24166
5889
16219
2619
28293
216
8831
12567
29268
20605
21908
6154
2598
15181
13718
28911
1525
24740
30334
10669
16028
3655
26130
29629
3910
9215
20737
25830
807
23175
15919
5451
2922
29096
29774
24232
20842
2467
32174
8409
31012
11215
7766
12188
26605
18051
28755
19863
25440
8246
6736
22685
7323
1509
21607
2861
31659
14518
12087
30523
16196
24282
20791
7731
17589
31671
7753
19004
3100
13127
32147
3258
19670
23739
12682
1558
11834
10341
30287
23233
30855
23764
23103
31094
21018
28481
1222
5824
23781
31530
24435
445
18460
23868
21842
13857
10801
30070
7286
20349
14083
21644
15829
16834
9811
22665
20313
31489
24183
31929
5171
21108
14162
24774
30579
26818
27011
19233
5333
23935
32221
10915
17374
32242
20759
23413
22824
20764
32709
13101
4603
9461
20103
6201
24092
249
25217
10369
31722
8675
24075
13128
6822
25273
13737
2643
30483
14088
20797
28238
9791
6769
19835
6763
672
6500
29086
13132
28514
22316
11609
7459
26112
13612
13073
32024
530
32616
585
27115
32614
16967
30302
4058
24145
11671
11636
19397
8775
10449
23472
400
24234
31902
24232
12745
1504
13723
9495
4746
11944
9305
16086
12193
17326
7849
10503
21999
20829
26134
10899
19982
26100
22450
21720
10807
14300
18710
31899
11106
1593
13988
16196
430
26559
9999
26698
27652
31686
26654
19180
31479
12705
2220
25634
31471
6700
13300
22739
18823
30629
21003
9288
6707
32701
4526
2785
28198
1006
16190
9478
17267
29710
3337
5729
16242
28453
12491
17738
22629
22140
31349
9859
16987
5878
18476
28966
9045
7331
31637
20187
21160
9363
21584
23630
10146
24808
21442
3553
7024
9007
3608
19614
16959
241
3208
24431
24482
9860
9434
29841
6708
19495
27176
24390
4734
335
6882
24010
24859
16955
12308
31625
16409
3022
29164
25487
25507
24990
13687
14144
17885
31305
10155
15689
27152
1544
18858
31958
23303
17286
581
6406
26809
22258
26815
155
26920
5970
11476
17911
136
17947
16378
13124
13476
25855
9191
28402
20350
7687
595
17510
21813
29153
29183
25840
4396
8315
3318
13566
32361
32721
15379
31120
3899
13571
23491
31212
6176
938
7692
27027
25061
10092
19919
11891
9999
27598
22346
22366
122
30282
14816
22203
1344
30370
18205
21884
8668
12659
21237
12880
27280
6413
14668
281
27908
26754
23740
7840
17711
29949
658
11399
31098
10581
12313
2432
25123
24546
27932
6589
8160
3728
4006
29608
26054
31025
29964
17619
6760
24088
19501
818
5187
20707
21753
16008
30042
14232
14640
9759
27165
7668
25196
5820
20367
21247
29026
17618
1192
1252
14949
22262
27384
20224
27436
1171
23182
28217
15828
3295
3352
3985
23848
6669
17484
27898
24097
25797
12166
11373
29353
11217
21682
13622
14756
21529
108
28562
20529
17617
358
8827
2093
21489
13066
25539
26618
22245
7009
20064
22398
11142
8244
29447
7790
19786
6001
14076
6092
19127
14031
5416
16046
12062
9909
30060
30786
13445
15449
3637
16143
20965
7973
1104
4989
31126
23902
15616
21912
7175
13319
5710
27665
17074
3587
31137
23685
22351
32379
31886
14594
27464
14975
1009
1736
4974
22000
7485
588
11242
18333
528
25731
6262
30892
31243
3420
21709
25404
3808
14223
26975
1096
18092
6549
6218
9422
22664
6135
22150
15921
3930
27852
25951
32221
20210
26749
8233
11305
28498
12236
21039
31361
25164
6933
10476
31940
22355
6867
5758
20971
20875
17765
14423
16364
25634
29203
5686
18141
2275
1356
19797
28509
17672
21041
31716
22576
4176
13656
183
18217
12882
19657
25404
16717
2577
29005
30639
28213
29648
21737
5009
19124
16680
27301
26198
28346
30551
31633
19038
27256
18395
3338
8742
32453
30528
31802
5568
13505
9782
29406
17536
6328
12518
6476
16121
7241
6278
10676
23847
25543
11051
18598
17646
735
24031
18132
13507
27771
3316
12314
26282
6631
5784
19387
8032
11570
937
29166
15833
4824
13002
23193
24301
26269
14774
18780
26958
8124
28884
15057
5565
18497
23820
30482
18301
17332
27610
11644
18696
26871
13728
32179
16642
29553
14913
4582
29547
3949
19435
11861
8984
1468
7220
23056
10084
19106
8041
1281
2595
29680
14882
20268
16855
23149
27930
21814
23591
27258
29502
9764
11404
26614
1540
18022
21326
10592
15358
25620
12463
3643
13743
8311
6245
13495
3229
4811
22862
12941
14503
26691
28000
21803
24473
17742
26079
11537
17150
19481
26578
26747
16438
27733
19639
16704
5832
24634
15222
506
26873
31436
19860
26215
10909
11101
5289
23311
29229
23123
5140
24615
24602
811
749
5046
4193
12222
27195
9974
19040
14531
29543
17149
25319
28566
31473
8348
1171
5432
15202
22408
21079
17046
9346
10423
6236
9742
13002
18445
32523
14895
23324
26936
29800
22976
24242
5081
16289
21764
6997
740
29414
27709
11215
4937
12156
21359
27810
1492
28685
9062
14586
6225
19779
23546
29665
14837
28821
23442
12722
24313
10592
28647
5584
14216
22585
25611
14487
19931
9346
12201
10643
20387
12347
11150
25072
1703
15899
28520
15154
17582
32223
15566
15911
18079
29411
7041
24089
21223
10479
2802
29767
5915
11091
27908
3991
2270
29238
3602
27781
19974
14891
28212
10591
28666
31237
12222
2740
24158
27373
20234
25610
1267
22193
1912
30927
30904
8287
2482
27026
86
15123
26421
371
31674
781
22285
30680
28420
11526
14303
31330
13472
16324
29485
4896
6834
19437
9686
16130
28600
22041
12764
18576
17003
10026
7530
15067
22757
30432
25366
180
8969
9384
5987
1053
11296
29365
1930
25085
20416
30546
13690
1560
13810
14455
21789
17213
23187
9626
11997
15297
9211
25543
2919
11821
19677
8179
3246
31284
9582
23438
6195
29160
28618
26455
13957
19245
23443
116
3075
17773
25819
17346
20201
22413
6724
27498
24203
31264
3685
2741
24539
25051
30832
15393
817
15945
18450
30132
22348
20672
12443
30608
19860
28564
28511
2248
21409
18826
20828
30322
9729
32144
15389
2301
16438
23211
15838
25541
3583
23600
26864
741
16857
13879
32351
19276
29892
1613
11219
24852
29514
31849
24756
14351
23486
4130
32401
4770
29122
5662
26819
25302
19211
18894
14157
16812
14697
8024
4359
28849
5633
29141
28924
6611
20957
25021
23312
16755
28584
30623
17382
7867
19122
24342
12288
20018
20283
19960
20008
4749
2029
27600
4367
6089
9386
19855
3125
27766
24200
22910
6152
9558
23834
10103
336
24358
242
12629
18378
4796
14179
26537
12307
28498
15244
32431
11464
12066
26769
1920
25324
6707
300
10632
19850
11122
4197
4155
17563
3076
18333
24836
27433
22747
32209
19838
18613
26247
13341
5607
4567
30543
17279
4050
25636
6017
6110
1307
31060
5126
7243
32544
5541
16185
15494
21038
13690
30714
8132
32058
15944
9981
175
12754
14002
9832
18095
6227
18931
18334
17512
9307
6781
27477
16260
3457
10207
24559
9650
16452
19436
31239
4846
23362
4890
6986
3332
3243
29736
7048
6223
25588
11012
18442
2503
27600
15083
27943
14907
8284
23506
7698
32474
5529
22277
12022
2808
25120
5902
5445
7951
8721
28376
8781
10500
9805
23572
19468
14764
9189
18652
30789
29583
30674
4246
32211
22252
21222
19484
20542
3837
25090
10522
2444
9339
18058
20663
18009
14693
29462
8567
2090
12798
16490
16479
4607
28437
20137
17755
29479
32136
1733
1758
13400
24331
20538
18632
23295
20518
20220
21132
14037
12157
15789
12434
11699
27220
14356
9434
31143
4690
2507
2787
3399
133
21815
13003
4677
10663
9917
30647
13892
1952
18483
5493
14826
15435
26773
352
30263
20861
27642
19076
19477
14916
30662
17667
12848
31084
3872
1208
21767
4424
21415
27417
32068
8367
15968
19554
12360
20804
25843
28656
16139
31482
7960
28650
14115
8408
8268
15399
27170
11002
22984
17484
32549
473
14515
3381
17066
28364
5271
13719
10402
26062
25106
11747
13512
7297
32206
10093
15664
4723
9138
32461
15139
28320
26202
9605
7722
22073
15045
20197
21865
8356
27726
25644
814
3268
3294
1008
3786
23418
13663
4288
2208
29548
10868
4871
5243
29189
14695
29235
20005
19901
24931
18711
23605
28058
7395
22926
9512
23030
24426
25442
23219
27268
7029
25196
20312
5518
25773
30716
19000
17536
610
891
19752
20906
1589
11854
262
4930
15124
28414
15438
6056
108
18326
22504
30446
26009
17229
17988
23960
6562
30565
8361
13472
803
2899
7882
2750
5258
3104
11419
8934
12422
3855
4706
19473
12989
26496
25361
26176
28862
29716
9427
14526
18230
18194
26597
32166
1894
11786
16295
18086
22740
23736
20979
7938
25409
16170
28845
3804
21724
14117
29083
25522
6325
18630
14455
25128
20852
31333
10051
17672
27723
27582
26845
11655
24617
26707
18899
26826
27953
30988
4984
11944
28778
14625
7480
15794
8120
29241
2088
30832
16907
17364
22753
26606
14294
23014
25487
18295
26563
30404
15941
32161
25509
21572
11668
9866
22957
8224
16219
4960
9698
6044
2016
25383
6091
1641
13600
6326
16494
11464
27748
20995
23679
20723
9749
1185
11985
32696
31697
25479
24336
16487
7358
21011
12466
16366
23583
2127
9771
14147
3621
19570
25696
4354
9991
26026
27231
4696
20565
11288
29005
2847
26761
23068
2207
20810
8415
724
17038
2948
11622
20959
1220
3860
15191
30823
20828
21764
8614
27486
7177
19074
32728
22279
32661
134
16148
27577
26510
32437
10620
26592
572
15750
3006
836
3797
2979
5349
8078
23540
25234
26742
25096
2632
28308
5816
6820
26505
19917
28499
7232
30129
19110
25116
27176
29288
5488
25136
24284
29376
16714
32576
12308
26402
2116
10539
29698
7049
6852
20946
3031
2029
32297
24872
6024
1283
16047
12168
22226
14627
30866
31308
7036
20873
31863
1691
12508
23489
4871
26242
23708
21341
9181
5190
23742
14313
17314
22521
1758
16161
28022
11084
27831
30561
27538
4004
10729
28252
13100
2672
16122
12305
14235
15289
7578
12795
30908
17146
18987
32392
20628
26163
13952
13517
17463
12089
14821
12408
23528
29520
19040
28166
18049
30971
23351
32566
19478
12307
1202
9149
21461
12311
22818
23099
304
28867
2850
32110
11327
28900
18717
16805
14687
16234
29201
9848
5152
6847
1938
12471
20830
6743
273
160
15533
5769
25694
6229
21755
17053
18284
26253
31856
11558
8021
27017
24473
6802
157
32330
22470
28159
13499
12289
19632
5200
18645
7111
22879
9600
31180
15502
14411
12343
8568
13143
15042
25499
2357
24486
20361
2921
17822
23603
23750
4676
32664
13283
28957
32333
20115
25334
4122
7155
2060
30850
7631
19213
10326
27680
11710
8742
14491
31717
14585
23575
22046
9876
32647
17372
16066
5649
6410
4768
1744
3609
30879
29722
23541
13105
26630
9500
31114
15836
15875
24681
12824
28177
21507
3528
12828
21228
32515
26454
24583
15012
4014
2336
32137
24253
7621
7921
28175
8319
8900
9321
18059
27046
10179
27471
2675
1371
2714
23592
14860
1379
7752
9481
5608
1943
10902
19113
15277
28564
3831
20410
25
26803
3251
26234
10819
17468
31812
24709
29732
2006
29184
20717
29781
16450
5625
5260
21786
27721
13090
13465
31904
5107
16819
22394
2691
24570
28878
13273
20115
17790
29538
14842
7384
6650
5200
26444
8916
9079
21964
30782
8711
30976
8198
27731
13241
18261
17162
4217
31219
19940
20453
919
25039
10228
3338
26981
23281
13860
2548
16256
10326
15380
5644
2238
11853
1634
7884
17086
25026
11480
14629
22980
15554
17635
23070
3780
23612
6215
703
957
11013
13330
25389
25161
15903
25550
14614
20593
17979
27899
27983
10181
14972
7869
13500
8877
8318
2513
14449
29690
5527
29893
2326
31936
32093
24681
24976
5224
31080
12417
31966
5889
3673
19644
832
11735
6682
19946
21151
1607
32616
2921
9769
27345
10895
7392
24892
29295
21365
9264
389
14885
8410
29608
31849
23770
4318
25721
2979
7526
19140
29033
11567
30444
15861
27083
23143
1898
12872
20654
14957
2190
11648
15445
21448
19148
21015
18919
338
26285
6970
31080
11857
6250
6676
1512
7652
31161
6223
3578
16801
3559
17368
8296
25468
21543
18403
293
9962
21546
30512
14979
9543
22767
27532
20134
10613
19933
16026
7481
20167
29199
16339
20831
1821
21999
19404
27629
19536
22278
10423
15830
208
3602
3117
26343
17291
25433
11819
11444
15121
15678
3418
15826
7158
32018
18579
13638
28280
15916
12706
29246
22370
2876
32074
6143
26673
32220
13450
18975
14964
31848
19231
30964
23161
2576
32586
21068
17701
23851
26323
10846
32036
12238
19790
28929
31555
32414
18333
1820
32281
10722
8374
2142
31981
11485
935
23855
16852
24410
1751
10470
28442
30088
31886
26684
29667
12808
11447
21504
13330
32325
23525
23565
26474
23812
17301
20090
29683
27452
24499
32528
18336
25383
13663
769
29998
21913
30448
21718
6223
3473
10553
29866
17672
21005
11788
22678
1624
31267
22525
16748
12314
1870
27496
18344
2092
14854
12470
13475
2769
21651
31707
31754
20052
34
19747
27023
18927
2073
28463
22238
1002
24488
13882
32211
27399
9632
17570
15082
24350
6793
30883
21495
11525
15599
26469
5911
434
32764
2361
26086
6308
20556
31519
242
10623
23292
31117
10096
22774
19204
30827
24366
12525
28871
31842
30921
25567
2025
6486
9248
24446
3937
14897
10504
29338
26575
5603
6210
2628
11279
30119
2218
18995
30734
12423
13488
1127
4572
34
3084
21515
10499
4781
3502
24480
8216
32312
32244
1624
5263
31026
19744
31936
6355
31792
16905
7330
21655
12522
15633
27690
32614
21126
10070
8263
27010
25370
25133
7764
1771
23148
19148
16632
12478
12796
9798
25675
4288
29252
2493
32058
27451
9534
4818
16428
15113
21031
1121
6886
21486
26243
7020
1451
32555
12385
12372
28584
17999
19936
30799
19088
24657
13810
31510
31108
29916
15968
4318
10037
10730
17166
31882
18252
12180
21121
30239
18186
15912
926
14712
12587
14973
22708
27963
18705
29827
21437
30219
24862
13342
8161
2559
28770
2101
29756
6227
11126
3078
5089
22878
9383
5820
3871
6852
14167
2371
10755
7149
17057
11867
3101
3766
30524
24811
7559
4198
15522
27800
13604
12003
29041
23703
31782
20006
2833
11455
10963
492
22679
4323
648
12206
27881
18014
10494
3284
29731
9199
18636
19750
30778
23496
6957
5507
22752
9185
16132
1749
31399
14482
285
30020
29032
28001
31158
8106
10726
16409
9022
31559
22191
8732
20060
26551
9283
27641
5939
24352
30840
12097
16357
30384
16669
23191
5205
17223
5598
25607
15154
30320
12647
28057
6193
18326
1485
6181
9113
32117
28713
30824
23301
11214
20358
25176
12133
31071
765
32437
5191
530
4894
24289
5205
10613
2706
753
3870
29034
16895
1540
1049
10528
9004
25811
3814
2113
10086
4746
30936
2669
5410
20439
945
7912
16611
30784
20908
143
21854
14777
3777
18961
26332
27254
16164
6747
21985
28926
22287
23892
17675
29313
32705
3275
9788
15211
11719
32173
8956
5689
27770
3452
25624
1163
713
17404
31887
3707
21816
15664
31663
7214
10537
28548
27260
3496
11610
8780
14417
1253
27568
10349
23242
5669
2099
13146
9440
21127
29017
21059
6486
24793
25991
29065
15445
6319
29141
28276
10323
21426
19986
4904
27193
26939
14856
3797
26820
2081
16384
15919
23339
25295
137
22558
4867
24985
27510
21174
7520
20304
2598
5225
32574
13331
16136
17787
4383
21097
7773
21943
15861
31373
17472
2657
10561
10249
19428
10347
125
7558
19486
3819
31672
29411
32035
21965
20864
18820
27538
17605
8708
6893
23733
13960
7546
21903
18436
15420
27071
15329
2538
5421
2877
14771
13260
20161
21778
9152
7496
8366
9327
5506
6842
22890
27453
24906
32005
28388
19975
18063
16016
1905
22804
25222
398
3849
4307
3828
17283
11443
24957
9025
27139
11326
12789
19405
3261
12338
7667
27527
8377
16390
7009
15291
26846
1683
3845
7723
20407
21705
5217
21858
3703
15521
31959
5957
17722
22610
18961
11755
26765
4552
10144
6830
10289
32338
10211
28546
13084
8859
18475
21126
31937
13019
28
24537
26513
9038
24663
23983
30914
7398
1110
30372
31055
10813
23446
28240
10304
12493
3580
1051
25131
2659
32626
30802
25083
21201
14033
26491
32496
15843
11267
28646
3047
2453
16745
21893
15324
24707
27770
6141
12205
16545
20909
12029
4384
14892
22425
24783
24360
6881
30043
26413
20324
22892
16441
22101
26857
21795
31877
31328
15425
15860
13763
7887
23731
14492
8718
29799
32453
4890
21687
2367
24576
7524
1072
1815
23539
31320
26408
11243
21115
31989
27896
12488
17217
26059
21822
4831
17027
5296
27335
29400
11032
693
26035
32360
12718
6233
14547
6182
15703
13308
20054
12698
10564
29846
30629
2967
21455
7336
5259
20683
7871
8563
13721
16021
17608
14953
15817
20502
10322
1249
18273
8075
32636
4110
20506
29146
351
25906
28802
8298
30871
24591
8863
21816
24320
27550
23509
19752
26301
30468
32265
5273
5247
14018
25607
29243
20227
1580
3361
29733
2013
32028
11289
21282
24949
3559
7490
8268
30287
16272
2017
28893
9615
22588
11993
31809
2236
3046
13448
24688
30404
852
21996
122
14400
20298
24842
12643
20730
7165
27280
10546
684
14538
1721
25669
27915
18472
2417
29927
28420
11228
4538
28965
11590
364
25678
29405
25088
17109
22917
24087
23020
24448
25210
24984
17036
24947
26985
26037
11700
29381
4444
23910
28232
22356
6407
11675
12871
11962
25840
7891
32264
4732
29907
3306
27844
25733
18500
18738
23125
25043
30358
25286
23101
19825
32252
18715
8170
18341
3566
31960
15417
9578
20686
17128
21560
23584
30924
3533
13616
21891
5127
4407
27107
16346
27636
13269
13586
11888
29700
21355
5442
7752
2945
3877
13760
13069
5817
3115
28899
16456
13151
26741
18321
29398
3118
20449
29188
11928
4047
26498
28110
29804
3837
827
