1000
28614
6505
1392
32119
15419
14803
18443
10836
14040
10404
14570
5128
26637
24658
27957
11625
8295
13325
23789
31168
21531
3327
15141
21547
21731
3283
7792
17984
24072
14708
3478
12787
9920
5655
17547
21178
28347
19835
17825
23023
14585
20847
2812
10869
10462
5014
27718
30622
13704
15207
3237
19276
10080
32119
25834
14167
5103
30715
15884
13871
19444
14472
12244
32451
28595
20254
30681
20385
7567
4709
15535
30046
28379
31030
4444
4152
14062
11613
19723
23802
14453
15262
2821
1312
17678
1270
26332
14908
31506
21794
18665
8344
5553
16998
22265
19741
837
14983
23876
23155
13792
24857
17311
22890
25127
8961
25330
8345
8292
9010
20203
16197
9174
25786
26612
6020
31820
22018
18787
25505
5618
8529
26609
10947
27498
26259
29806
26826
7710
16985
22195
28026
26837
17952
21719
14043
8325
17878
15014
19167
14184
7834
5454
21574
30290
23236
22364
1727
24642
22309
30951
3664
29751
19856
26635
3575
16709
26776
23962
29074
231
17564
27149
5884
11159
513
20161
4729
15260
19647
30560
4692
4644
32031
10140
9670
12946
13763
12580
27418
18457
8934
17872
26895
10634
16101
14879
6014
20330
16382
19428
23356
28744
4952
16700
31042
14157
2372
29635
17675
18709
5827
7176
3646
2749
20552
28990
4493
24382
447
28980
28893
20217
1997
25735
30375
19859
20058
29462
10398
4610
6221
23734
28050
13544
29846
10791
19092
2336
1138
27207
31579
25239
30442
20358
27110
16222
23965
16794
18787
1789
16064
14196
22608
21513
2147
28018
3552
31737
18678
19414
13984
18741
20747
4471
17498
7024
8798
5814
21817
25144
20498
15540
13871
9675
13373
23746
25748
4653
7847
19481
21264
14455
24783
18380
30138
31346
23343
23802
22913
21604
28609
8520
19148
31018
32194
20366
20317
29831
19126
7377
30587
18364
31916
22898
19024
13401
2499
12964
20880
10578
16621
10275
2139
1621
20467
2596
12645
10587
27322
4999
22612
31358
30660
29780
617
27146
26105
24677
21091
5334
4008
30304
9120
725
20169
4841
24710
13288
9861
25621
6177
28406
9720
20769
5901
1855
26677
2660
1943
3053
21898
21890
23839
5612
2566
27107
3777
10236
1337
29027
25908
21765
1851
331
24561
8362
16112
8065
30104
20000
11657
10235
13200
4417
25422
9849
238
21980
31131
30836
2201
4432
28201
19281
3755
21081
17295
19163
13594
809
2825
5104
29591
4539
15223
16250
18102
29284
31145
6562
23120
12459
13785
22848
13094
602
17017
27541
7110
4309
18480
10300
22707
27819
15135
350
26560
24427
13672
1062
20157
4025
23281
15732
15701
11168
10853
22230
1591
3370
24444
32692
13172
3374
19069
30410
14888
30826
16641
18395
4445
23249
3065
4516
12332
5414
30450
26640
14117
28874
25752
9898
18674
9683
3193
18263
22070
1885
17932
4421
24763
18981
1266
13343
31181
6484
27259
9091
32737
28056
4204
18101
24443
23161
28928
20629
23374
17899
4140
21454
8100
15903
18983
26449
9472
24991
27434
28418
9730
3482
29813
23728
11404
18044
12946
32075
31267
3778
2269
9809
20376
8205
5700
22410
22503
14965
5964
9461
14943
32287
10580
32002
6147
786
21278
7937
30769
9030
30347
21979
26753
11006
4006
19200
21488
25432
25828
1440
21822
11043
3243
27166
2196
4592
27664
19906
8298
10604
4837
29358
16808
237
6387
19
27403
32586
24708
19108
27595
3824
25125
331
11643
20530
26025
4635
21808
17889
19569
23431
32741
12317
20715
32209
7710
2410
24409
24773
13004
23047
27604
16806
31089
21883
27024
23913
14212
30320
18273
2849
15639
3268
5502
23227
22711
29150
14470
3051
17044
22334
19904
29030
17122
25432
9383
5202
6014
4259
29094
11258
23765
749
7712
15815
32258
18161
22963
31084
28726
12331
20670
9568
15709
18667
11296
12177
8702
2217
15939
13911
16995
17560
346
7590
15099
3709
19174
1161
4092
30146
22655
11979
16460
24262
6609
14071
32674
25720
23525
7300
23529
30756
14754
585
20965
13197
30099
12599
5400
4411
8426
13126
3815
32534
13253
6832
22777
32564
31409
18782
14048
19184
32108
19615
21243
11324
17136
8480
17050
312
5804
29465
5476
7683
13077
11972
29686
208
30045
29971
4557
3133
32386
18594
30310
15329
25995
1771
24995
1828
24335
441
20337
26196
32246
19679
24232
11765
29059
5161
7987
13400
25747
3475
2928
30063
25119
23481
12505
10463
25352
29839
19429
32343
26900
24658
23337
29728
19251
25790
28099
31734
5896
28802
12536
25111
11172
23281
284
10905
29077
19450
434
22784
21535
24666
213
22032
24521
24080
10711
26592
10780
3345
19239
28720
26279
2110
13176
25852
19782
6803
27167
14162
13732
31905
18109
7264
3071
1598
11295
27857
811
10363
27234
3674
10202
17366
3163
7055
14618
11953
5174
15868
27167
3
27484
28273
28995
29262
2459
3997
2123
29393
6017
5854
16876
12542
4104
14168
22670
16942
9593
17221
23119
11668
28042
14219
22091
29807
6345
9620
28443
27268
14654
28506
30363
29388
23628
2497
30448
29802
31705
14634
19658
7135
2735
31813
14055
15489
8225
6438
32473
26154
1777
156
7944
813
13169
31678
2554
4750
25833
22470
30418
21106
30265
1059
22295
28372
8639
22217
22967
2170
15483
27340
8012
10279
11377
19757
925
29203
7759
27636
8296
11672
15952
31614
27999
29998
30816
17945
8560
8857
897
6606
14665
19297
15469
18558
18204
24963
4989
28209
28575
19558
4553
29098
14424
3600
14737
29503
2839
18586
17884
7655
4804
14305
3422
3733
21850
29567
3231
17860
12084
3322
23386
22355
5000
24122
4387
19604
13873
7233
23885
27808
689
534
22027
24301
1142
10242
17109
23586
9308
23295
26126
24873
24436
2158
2531
6278
23300
4616
21622
28136
31182
7703
10044
32766
22165
14310
3491
25740
18398
21622
32505
29374
20724
3954
30601
1980
9262
13413
11527
31102
6772
26667
25134
11234
17408
1702
7591
31740
30306
2226
18477
30125
31687
1626
30191
1911
18298
10572
24373
10383
21419
9098
19527
9524
3184
32355
30859
1344
27657
21922
12525
16637
11368
21253
12675
14393
12785
32240
1649
8093
4990
13155
29707
22586
25510
23082
10810
25957
7999
10067
18209
29893
25889
1765
27904
11434
23341
31951
28504
13472
25742
4639
23376
