10000
11333
3391
8820
24407
1111
20173
7606
22027
28177
4703
4612
30809
21688
5107
4590
31462
5489
2794
19173
6830
26965
15303
24559
23788
13767
22324
23712
1593
14085
19014
21573
3319
14590
25601
354
2800
21092
29727
31071
29243
22017
18189
18558
2400
28238
9015
2576
29371
5954
11141
20713
17190
27240
19237
29713
27602
28980
3724
5052
31606
29079
3511
27260
31404
26833
19383
16054
26519
10375
12140
2131
5322
18965
31121
7863
28517
27685
23544
759
28801
28289
5655
6726
15823
8229
15044
27825
15739
5017
829
15373
8535
3453
21355
1837
11573
16741
21352
19800
15508
20712
16958
9721
19328
16628
26098
153
1715
22884
15553
8459
9984
8917
21417
11238
7154
30389
26155
22329
18864
21916
11088
4985
24099
30688
29674
16574
347
19556
32284
17455
25903
22960
8732
4539
30756
13639
15416
32267
16273
1332
30743
27828
7424
16359
24898
11952
726
7743
23778
9487
23607
29672
28876
31722
11300
25063
31674
4505
10214
6003
17115
24101
20656
5383
30863
28416
20608
9653
8299
19188
7750
701
29828
21082
11592
21854
12266
28556
11205
2796
25202
11165
5336
12067
12729
31559
6560
16571
11109
22564
9630
13372
3246
31265
606
6420
8990
17713
24154
5351
10900
16190
15131
10534
19599
8805
1697
30435
9385
24418
25605
29924
28258
9289
26461
19446
16415
15224
18656
19843
30579
22217
21323
14439
15004
6924
4483
16384
13137
32692
32635
2436
26299
22224
16984
5016
20161
4413
11219
15390
6280
4890
3295
22606
11322
11389
7052
4872
25095
2660
28716
1384
2154
13295
23988
15772
8110
26572
10597
10226
28336
28146
26027
3637
21734
12690
29765
8506
32160
14154
29606
16566
22670
17309
7067
30034
31619
17824
19759
20738
20856
23029
22988
10642
15060
31229
17826
24962
747
11082
2380
13075
20164
17235
5809
12706
26911
4972
9513
30005
4022
4341
2274
9300
9668
19921
6529
20506
28612
21786
27660
22155
15483
16402
25607
16168
7992
5981
24541
17857
8027
21614
1154
1931
276
5952
27735
1650
2925
25670
15694
30384
28555
32420
27214
2719
13616
12959
9177
12491
20613
9298
15340
30796
17687
30371
294
3923
31263
24182
21805
4098
9222
30241
590
3969
26408
25887
5219
9038
6105
12296
14586
20692
15269
17600
27315
6976
12252
5871
27626
9104
6479
24754
21654
3820
340
23441
14193
10042
17424
1456
8794
27117
13301
18249
32247
31005
5769
3161
4254
8925
24169
9882
10358
29385
18062
2994
12505
478
13008
17322
14077
30863
31144
7073
8660
30484
31546
28866
8496
22534
10643
10099
6187
297
26159
8911
1734
13961
22718
20567
14032
9160
8999
7140
12298
4022
5838
24545
14216
28194
20243
9654
24154
17392
21787
19079
25452
4460
12498
23583
27819
14046
2864
16935
23401
1887
17852
1948
16387
32234
11087
22656
12481
18614
7707
1999
2045
7875
26347
12724
19848
5043
2476
19965
20297
24028
17197
18125
11559
17051
5155
26512
23594
7403
32112
14388
25820
12854
20901
6295
24822
18795
16325
12347
31800
14416
31564
1601
31897
23322
9583
21909
5536
10811
23462
29030
2834
25211
3944
19929
26317
29514
2869
254
17908
10068
18650
20483
332
15191
31985
7335
13542
22321
31655
18162
27391
7486
23234
22307
28196
17376
29922
1003
1690
27999
12806
26840
9980
12788
14675
276
19494
4128
28689
14927
5202
14146
27127
13306
20865
24681
11944
32438
6941
10599
30845
28684
8924
9767
20613
24158
20711
7232
11210
22813
27452
7369
28118
12605
19536
28784
29814
26086
27897
2502
4286
18797
17804
29149
4429
29314
19010
25365
16851
19883
1761
1587
976
25329
7576
1459
25758
9176
11562
27488
21681
21909
25167
31777
25630
27516
14423
1558
10330
26040
11536
21731
12100
2110
27626
16460
9062
32260
13401
2307
1400
15469
32635
30653
7974
15112
10491
29323
4884
21371
7989
31848
11806
23994
24218
21262
24036
23677
15446
7951
28806
19952
17457
27168
428
29868
11699
20408
14538
11494
11404
7130
15522
8678
8243
19502
10
30651
26316
10071
19439
15662
22351
24193
10906
14836
9959
27961
6194
27944
15768
11138
7298
20472
15909
17957
12797
12446
17713
4424
7679
14738
9124
26946
7766
30973
6224
5550
4097
31857
19669
25278
29495
21720
6593
25811
28844
5803
22012
6730
17423
10853
13668
24472
12247
310
31412
27033
24127
507
170
14885
21391
17006
24169
17125
21918
24730
11036
10852
27797
4243
9436
26473
24821
12899
16084
9861
23260
1095
23202
11752
1668
17692
12545
13176
25100
23316
11685
22821
6267
21165
16999
17270
3586
18916
30114
32360
385
7077
12253
9337
26445
24455
3242
31744
24881
4534
13005
32447
30642
30512
30625
32699
30871
4661
20920
25420
7849
15096
24258
7536
26296
12443
176
27236
13790
13914
22041
30070
13576
4359
4572
25109
1457
30902
30215
27434
13297
21177
30199
3243
2487
18383
17345
27500
10066
2712
19665
28473
1335
25164
27089
17187
17150
19885
17869
12311
26541
21050
16532
1461
30521
19366
20577
1374
330
20360
9914
911
3391
31060
7321
13166
1906
12938
10698
20643
5053
19245
27540
7017
26941
30327
32411
23269
6997
32715
12293
22966
29686
19435
18908
4301
17182
31339
32435
29823
18335
15206
14477
6104
5410
11631
20218
6707
7019
22474
26755
4871
13023
5341
2888
28676
21059
225
8424
31071
20934
16605
29089
28778
24386
13781
23225
31847
1983
28734
17436
22942
31289
30646
6470
32429
26531
15090
18787
11296
9259
15352
4789
6721
28096
19598
7479
14641
31697
28402
10368
14136
15448
11979
20713
16730
25112
1632
12274
12843
10274
9224
23522
8932
28318
9185
2734
4789
5320
4549
23580
6237
13369
18298
3880
20985
8552
31529
9895
1817
21872
4626
16682
12569
9492
2941
10277
23983
26880
6132
23121
8128
31569
12463
5454
632
11864
17232
8845
12953
8347
17873
27501
21011
4637
18106
6308
10710
7904
19863
16609
11748
679
8105
27312
1962
18944
15580
26013
6800
5250
10489
16028
14031
19540
21789
21416
28290
30447
15722
19115
16641
804
3836
28574
4202
14432
27166
15857
5504
11055
5310
6445
17849
23295
12575
30936
24466
23847
19662
2969
4390
14631
23511
5532
27903
23089
29752
3640
8492
14825
23958
16591
9363
10346
18735
29942
20105
21897
17936
25046
3232
32605
17800
28882
10944
27135
17372
4971
24954
1166
26940
12384
7832
24438
14070
27673
15353
22514
5354
20549
6300
7376
21310
5827
18426
28789
29779
7102
19353
19488
21239
15133
2782
18547
30940
7450
32035
28463
14664
13872
14857
23103
25615
32315
25615
17400
9407
8923
8548
27807
25114
14617
5882
31019
12745
12877
6620
12109
13390
6207
2753
12974
27963
21644
4065
10104
27553
1867
8455
24087
22220
12529
6632
27713
13101
13170
18099
22323
29592
28329
7913
13118
10928
31738
8815
23683
28831
19766
3298
11515
20746
12990
21290
21434
21827
3308
8018
12660
32449
11438
16022
24128
17870
10100
13758
15516
28800
8781
28587
15793
21994
22604
14896
15065
24979
24625
1315
2143
27432
30021
6067
9606
13933
18310
12283
11724
12153
5892
16600
28527
14115
7819
16888
19249
5048
4482
17972
16728
23023
12563
19488
20474
25118
15501
31968
1655
7597
16646
19773
29255
24779
3140
13560
18678
29793
18142
28765
29548
1092
31134
28
24178
15791
554
23381
13426
12784
15075
2034
25726
20833
23054
3385
6804
4762
19506
29857
3361
6629
3520
19685
17347
29939
18425
25432
15187
16077
13581
10104
2851
16396
3968
27845
28548
24397
4306
32468
23948
30176
17247
15263
1046
23744
11140
10271
24073
17864
3075
13085
14814
13603
18857
6725
23132
12037
12846
9596
5286
28056
10844
11379
3960
13114
1907
6780
1966
3301
6093
25757
15878
6382
7870
9699
29222
9715
18366
22009
3809
15887
21706
19961
27574
29263
3079
3970
18329
31338
10409
523
24823
31916
21267
6775
20212
4660
25663
8425
32759
23391
30817
2265
360
14468
5319
3944
29880
31458
25860
5104
21922
8662
21325
24288
30129
30802
35
19143
20739
9866
23859
942
8268
3056
28538
20651
19485
30051
31916
7091
9575
931
10199
11184
1851
22025
16707
17619
17875
19829
19870
9004
3798
31623
2133
888
7896
4626
25925
11834
28704
26317
21907
14605
18095
24396
21464
29240
15742
22831
31618
10883
14598
25242
12151
20809
25349
22245
5115
5839
4992
13204
24531
2260
19204
14729
18602
23913
8754
11896
3765
24579
21115
21148
27539
13519
15399
24232
26743
26181
3484
7681
24456
28928
28637
31018
11400
16845
23633
1151
20660
23042
32710
26407
3564
3601
20149
11844
15636
4700
11975
24684
25530
19019
22937
25949
19705
3484
23740
5612
10653
22523
23297
2111
31623
5843
29427
27708
20564
2403
28324
3137
3897
26388
8365
17942
24113
16394
4720
4128
25179
19449
26528
24279
24477
6970
6916
32378
31630
24094
30839
13569
10131
13954
30772
16467
30280
18339
24400
1209
24609
30772
18824
32658
15185
6830
61
21065
27370
28648
17085
31109
2374
14311
25540
1183
4519
17655
24643
24921
19738
17658
21343
4045
1697
13569
27581
21155
19088
13081
17917
12167
13624
8808
20612
21466
5315
21880
7295
12712
25183
13010
16420
26843
22175
1999
11835
20654
7453
32171
9950
13668
27493
25819
9597
7737
32526
19104
28709
12185
18218
3293
11265
32144
15585
24614
6945
25218
12120
31769
26490
11804
1752
25073
7982
16522
17196
29016
17934
26090
14666
16253
8285
1537
21558
25703
6871
31789
23844
12937
29682
11163
3805
3222
2660
9146
30819
19862
29925
26864
29400
30522
18230
13707
11932
6764
10338
18170
7094
11819
7748
2877
12661
18582
12873
17050
22870
28230
21368
27026
297
27617
6575
32531
6256
28140
20015
31471
32008
19169
23898
2189
6923
13186
5564
23007
17396
15724
22601
9875
260
31727
7653
11150
25829
6941
30250
16022
8334
12577
25445
19022
24422
14803
14305
18024
11948
28809
22633
22
29718
31791
2056
18113
14264
8602
8467
20734
17704
28697
24425
28094
26592
7245
8186
21956
18147
32059
14726
12637
9124
24480
21159
9803
35
9092
22802
514
28761
22546
32282
21527
6870
18855
23670
3317
11433
13865
11075
29906
17536
7066
8781
3809
6416
21741
29578
15561
24247
31000
32231
13911
12384
12394
7495
10607
32680
29727
15305
5705
20543
27698
2122
15322
17040
24434
30252
10383
12708
27096
27221
17217
26691
27928
14714
24678
12637
28534
23453
14212
18345
23771
30932
19692
26764
24104
13133
9124
3644
15050
21135
19365
5413
30863
13314
8262
20620
11703
9394
19193
21106
14671
2128
24117
27323
21946
29050
7347
8591
14737
3899
16605
12545
15021
5078
22660
16878
10113
30911
2257
28712
19117
17387
20094
22996
19665
12873
3653
15889
26783
27537
2457
28379
9525
9020
2965
6702
2729
19155
25138
11886
1253
14701
30652
24070
26805
27764
8327
1616
20254
17831
28894
32181
15090
27237
12092
3349
15521
10280
14015
6248
2130
592
24025
15014
12850
19746
13641
22757
1292
31248
13129
28865
10011
31034
7945
9729
284
21558
20573
21368
7078
26124
6066
9000
26302
21637
25159
29102
8103
11942
28314
218
18679
21623
9504
15773
26864
3081
26936
7464
524
26550
30306
21842
31194
25003
7596
29754
25097
20644
30574
6958
22466
6647
23863
24780
27964
17620
16391
7783
20874
21195
11967
11437
10935
398
8405
21382
22036
23033
22860
28991
721
12367
30180
7399
23243
31175
32398
18425
11685
6983
2338
9020
21018
5487
17748
19176
12689
12761
1253
32266
12786
5535
5142
25897
29113
23838
30306
11306
2633
9466
23404
29553
19586
9315
24631
23625
11157
15510
28821
13446
18967
8614
23778
1385
23893
124
30705
2499
23272
17948
20807
20317
9353
27691
24455
1944
9766
28334
12078
19281
6709
20245
27008
22023
26696
18552
18371
31808
20961
6432
18090
24872
24968
1353
11796
12156
20508
30502
16631
22950
21607
24614
10646
9514
4340
16246
30203
1344
5157
29127
14497
2242
7808
11857
8561
24393
9034
21784
8943
14740
14167
29294
30646
2345
25120
7097
7202
25406
1302
2422
4172
2777
19766
4734
30267
26167
25310
27784
24664
25451
19423
22000
25635
4167
13267
3255
17701
27007
3761
14026
19493
9484
18846
8071
7839
31695
32262
28285
10866
13943
23276
15219
31193
420
14462
9132
924
19788
2541
17514
19336
15199
8571
16049
26396
24998
31446
10317
14981
25329
32676
3607
461
9073
31327
27507
31311
7267
11107
15133
16494
4846
13381
1318
13702
13903
19815
3641
547
26931
31177
3107
2161
14948
11554
914
23284
20648
6192
13085
2937
19943
3916
12165
26189
28043
16193
5435
28076
25132
9310
29474
10620
13933
30666
21141
7996
13601
1816
172
1591
7347
10779
31931
3069
8644
19196
12316
15635
1301
13449
21295
26090
16552
6864
9118
14
4130
4589
20454
32672
22644
26400
15379
5382
12986
4131
970
14049
7779
9402
23949
2111
7827
5771
17211
28435
18117
6960
982
28386
31413
31883
8841
7102
25981
17241
9962
14712
27646
28682
17020
23314
7809
13777
28536
5747
28062
27639
27853
8286
9822
10612
15205
25765
31132
16064
170
28314
4785
487
29257
13767
336
8412
12085
8927
31406
28175
10736
24820
13798
23361
2054
20201
26525
5783
6874
9515
8417
32238
21924
9116
5463
23663
25787
23504
3222
9827
18960
27516
718
10056
8955
15147
15533
22052
31547
5427
21123
17433
20792
10472
30372
22842
12170
19983
31502
21405
32703
7318
23115
15537
31321
11394
18329
18642
22551
4648
2633
21787
10358
27296
10341
30588
29046
3191
9365
21772
31905
12452
21315
12960
30026
10173
2814
29596
15379
28523
13340
31497
5042
15388
31652
8936
2804
19191
11627
15814
18433
4117
31100
22161
6371
5358
10429
8874
27970
6929
1232
23099
7537
22297
30520
27339
8879
22492
9149
14352
9382
28133
529
24324
56
10021
15027
12091
11131
13029
19220
20083
6914
16895
13561
14957
3167
14158
15648
7419
23013
15459
32038
9819
15283
3705
19624
25027
6638
6059
17833
14397
21581
10341
26675
5557
8923
25881
8513
25680
29688
15411
14557
20992
27553
30798
27526
5206
26610
17064
13012
7831
12009
10707
351
32273
10605
174
30172
20655
20367
10644
18825
2508
10767
8659
32204
31045
3362
24928
3350
18642
28786
25289
8974
25494
2151
26474
8172
31732
1189
19428
27426
9125
6102
203
22850
10759
11433
31647
10524
13496
27674
13310
23590
18020
30965
279
28194
10203
1173
27490
12282
26471
8434
18063
18927
25180
29659
10172
10482
3312
12159
3050
23378
27725
29746
17074
8344
30437
32622
28980
12464
20230
19480
16721
32329
2990
2053
4378
30845
928
701
13959
4021
20151
31103
11117
455
29051
25733
13738
12642
26354
10632
24482
3244
31929
22407
21744
18217
13650
20421
30549
27359
9408
17
16372
1208
31569
4681
16578
28711
12988
13601
23096
1550
4459
25121
31051
13024
30746
17645
29085
14339
11681
10185
18421
7288
7438
2396
237
4285
14839
16308
18410
18930
32527
19595
593
6204
15094
18121
8952
15463
8022
32074
20955
16591
17963
14048
15377
22912
8546
13212
8190
3996
2214
21321
27081
15357
22903
1338
29712
5404
23932
25926
16603
21553
27418
10768
16079
13724
29765
18572
28325
22660
30614
28862
31962
16830
1950
18373
9127
1520
23675
793
26931
24310
9128
18705
3592
12420
538
31400
16323
16397
31880
19072
25616
9188
14858
17703
4054
11682
21733
11930
32431
21447
11685
22791
7835
24228
29805
22743
1013
23672
23692
14828
22950
8409
11856
6695
8600
21333
11039
19758
22894
20826
30659
28012
22386
26451
262
32345
29646
9492
3711
1019
20992
20856
30635
13229
24200
16712
12096
8735
21731
5471
6333
4766
25021
9228
23622
19349
13667
4536
11439
5204
6775
23753
13271
16401
25831
24774
6455
27180
19743
5307
22202
18360
2942
2271
20431
12854
18439
26484
24253
20387
12890
31983
19512
31670
21986
2905
25905
22115
32335
27893
8946
7075
16455
18979
6505
10359
31320
26244
8132
20778
25138
18783
26431
27863
29203
17731
29754
14892
19074
8942
11663
365
23616
29550
30242
6076
28284
19846
1210
10135
21830
31315
28175
25250
27718
21807
5412
167
10670
25302
30166
12251
23917
25544
32181
23139
28838
26094
26388
25878
14688
6527
19036
19333
13951
27941
22950
15672
18419
13660
31368
8251
14127
25371
12846
7386
9180
3511
6061
5800
10447
21508
16533
14022
19769
22717
23493
27489
5662
24102
28292
125
19465
17647
26573
13809
18685
29276
32233
30387
25262
24995
2628
5462
17649
25750
22393
12753
20594
22401
5551
11394
20901
19542
26920
19059
9215
28935
18199
28379
5477
13620
5298
3560
7653
29446
15497
15547
16292
8027
11798
693
8983
17699
31637
20465
17270
20489
2582
15633
16238
27223
2000
30782
8727
29203
7352
874
14373
18798
2386
10200
17762
1632
10183
17119
11868
17804
825
20459
27226
9321
31059
21444
20885
9891
6692
3347
7077
2751
14893
3618
8762
20991
27320
9187
15372
32645
19564
11828
17429
21178
28703
19809
8445
241
14827
2282
24790
12872
31364
21383
15625
17871
13000
4202
6800
8429
13720
32196
23142
3583
7143
10378
3644
28225
16144
19833
25966
17138
11629
19288
26165
20915
19749
2685
18206
26673
8517
32146
31931
771
25875
8089
20376
23510
29087
4910
3696
8903
8602
18188
12449
26384
10091
17363
31966
29415
2432
1801
2084
7843
14562
3934
8431
24353
30221
32308
31405
4966
30718
29278
11635
21893
2445
40
24047
21187
4349
27288
8606
28410
13778
500
29502
14139
6370
19332
19335
26551
21167
22169
12822
2272
11252
25295
23210
26571
17534
15246
8850
28121
7229
27863
614
7062
12955
13629
18422
10977
12300
22833
11392
7246
19943
15235
6950
13256
28788
24358
15262
10363
10054
13876
5420
3057
1995
25137
24013
11386
5665
18836
18869
30418
12331
9859
28412
6910
12005
29407
4501
30839
12788
21888
27519
5514
18818
29890
17727
9727
29256
21056
29325
25849
6124
5087
1870
17949
4494
24079
22722
16886
19614
9037
7935
16792
6640
3308
19102
28036
20754
24854
25268
25548
15837
2574
32516
6520
3146
8887
12914
27431
9863
11354
31163
8442
14666
20900
612
27053
21094
23278
24048
4359
19868
14274
30038
30069
947
16794
20658
242
28618
7146
1851
10537
16110
21857
27509
15070
32232
11884
18344
29834
22872
10493
16016
13381
9224
17802
9302
15593
6010
4440
25535
22133
707
27129
17316
19887
23452
6676
8354
5902
26039
13156
28434
6358
25679
18947
6459
24709
2563
29929
3527
18286
6884
14255
4724
19108
29901
14745
12044
6681
29171
28116
17559
8967
22972
4348
9423
6543
21461
8162
15828
17825
4479
11147
11809
5915
8489
11900
21695
17717
8260
18228
12728
32028
16211
31739
10959
25565
19521
27610
2158
28549
14072
4331
16096
23430
17455
30675
22464
15453
25219
4236
4018
30322
21962
31848
31825
7232
11428
32082
20072
30645
13394
27223
1124
17116
24268
19814
8457
21433
20237
3668
14949
16245
32690
20259
29954
14523
14275
23940
16224
11617
16849
23962
24994
26443
6465
4609
13704
13452
487
25871
6813
23247
15831
5978
31410
23030
21879
14202
29322
16896
9689
18192
29399
8240
10568
12551
28005
18283
11809
29977
25238
30691
28645
11413
25358
10738
18059
19552
22959
72
24603
18490
12744
9545
14456
31555
11657
6065
17277
31166
187
10874
32076
12308
942
15359
21731
29468
4722
26721
9457
26009
27721
15146
12007
22277
10077
9264
19537
32653
3247
13245
19047
15708
28752
25068
9183
14108
22995
25942
3334
1978
4354
23790
1551
22378
25296
20778
26539
1516
12943
20580
7642
18957
11107
10879
1280
27248
9719
4045
7483
29582
5742
5936
2036
3836
5789
28544
948
24557
24695
16429
23097
2295
19656
32038
29898
16154
10791
12793
2759
3582
37
2107
7812
12668
4811
3370
15447
10336
14916
31377
12272
25709
25302
1772
9193
15266
18711
205
24478
32444
18013
14718
5951
22780
16758
744
548
23850
6041
17587
11104
25562
4509
27823
12440
7918
14697
15987
25366
1628
9132
17988
32537
562
462
29496
28015
30167
4134
7322
17222
4243
13421
30353
29760
1873
24690
14845
27333
7076
3344
930
31389
5129
24925
11912
25022
2412
23077
11681
19298
11757
1431
10413
2397
28899
10045
24667
30638
9249
22578
7601
15956
1657
30607
12461
25955
22399
32550
16941
28502
22671
4211
32012
28071
24338
19919
21134
17309
23548
21479
24062
2918
31897
26477
11157
20837
18570
11021
26270
6605
24843
29091
13016
25711
17783
171
13596
8912
16653
22264
3903
21631
26100
19370
21306
15781
14717
6490
12680
27614
30121
10647
26320
32071
1003
13462
11460
24025
5422
2341
12873
28405
31514
4321
24280
19775
9875
25769
25892
10416
28547
1362
26877
25319
2522
3228
15476
26560
19411
27237
30784
29736
10616
541
29536
16176
2408
15482
24066
14688
22232
24941
932
22093
29912
20052
30841
5229
30423
23665
13838
14123
17002
2971
27437
26423
32329
17715
770
11552
29338
19290
10108
31268
15987
10337
17142
13127
1690
12929
17687
29346
399
30669
12022
29438
1228
9828
10882
22945
30539
17643
12578
21096
19785
20283
1432
12822
29002
2902
1323
4844
15965
10912
5125
8058
28577
2892
10458
32692
10504
11796
15306
7240
32091
13357
7305
11311
5502
31098
29629
16514
23798
7936
29607
17040
22440
6554
31750
6189
1251
6381
13624
25165
29601
23199
26275
2513
27658
15812
3155
3744
21050
10905
28644
19706
9796
8821
18595
11529
17783
3068
9968
28857
20704
3990
12007
5066
23823
6176
26175
29220
20254
19425
6513
10346
2800
4543
7197
25297
22199
30386
26794
3635
6073
1914
25390
8031
19539
29325
17293
25780
26430
1620
27364
5614
28689
24470
10280
5695
3335
23605
12298
7330
23043
9752
19486
13932
12497
27240
1341
22563
18095
4351
19752
28820
17164
2077
27501
12832
13199
30813
12687
1623
347
29928
14945
24520
19346
31721
14515
24086
19223
23361
6448
30799
9113
19835
31623
8570
17869
25346
18121
7023
18170
2961
23826
27628
20923
21484
12908
10212
5121
11214
19184
2330
20055
18466
25647
495
26730
30069
19920
17272
11976
28332
13690
27092
7656
3058
27124
17085
24171
24053
22922
25180
22177
2386
20403
31330
30031
30285
13810
10068
6575
10438
23546
10278
15545
21609
2837
13324
16289
292
26822
25229
929
21470
27821
23001
12024
20326
28076
14172
17203
8617
2632
26259
26795
20777
28754
23071
4943
24234
18374
23320
25763
12078
17651
25251
28425
21028
9692
12743
15936
30685
7903
7036
18730
11327
31380
13573
12498
10685
28920
24704
28845
22663
31179
26044
25632
19965
7734
3402
17731
24682
3505
29143
2277
8943
31268
31673
15312
23997
32588
15047
17741
22151
6497
4718
13035
32056
28406
27649
29053
20705
29216
25425
5986
4341
7386
8574
9225
3768
19624
23052
22707
13045
379
7737
3707
3055
981
31374
11668
30619
13869
4789
10707
15884
5525
12170
10349
12335
11674
29556
13057
7864
876
10486
7129
15708
15423
24449
30573
17985
752
19085
20264
29107
28908
5864
29039
5656
32334
10829
736
1062
15687
312
13527
29523
25795
7929
17719
4749
28233
17415
11111
4396
19235
24216
5786
13349
29888
26990
8532
19328
23638
11508
24106
7180
32203
5769
8649
4433
6614
6684
11833
19398
23394
20985
9059
24388
27699
20706
22737
21947
15563
23138
1206
18980
911
30046
21550
12214
14118
3309
22726
6493
2082
4970
28479
5480
7650
23495
911
29057
6838
7459
22057
31459
11077
21663
9854
3783
9516
31086
26308
3871
30952
14124
23798
3975
31478
8817
21788
20089
18488
7077
18636
20160
18843
21526
8177
9519
6903
10567
28363
20114
22839
19084
21815
8677
7097
23763
25393
12996
7416
4293
9879
14371
22120
24334
17967
19263
5025
24312
19948
4820
16576
27455
4205
11921
30730
2337
16839
30409
4819
17844
12164
25707
16799
32124
14828
13620
28550
16957
29315
8227
29917
21262
978
11822
23826
23215
18026
2867
17368
26652
10023
25393
3460
21858
17074
8120
32439
4274
23113
6558
30526
31668
1475
4852
21558
21789
18126
3384
15732
24708
24956
20428
25124
16498
7678
12967
26799
14008
22447
331
5603
16133
32084
2551
28494
14263
26273
11549
23786
3314
8960
278
3584
6639
9615
24085
9542
13463
29287
26202
28746
5969
12580
24232
11796
7448
18594
27384
10503
976
26628
879
10249
10458
8443
13710
31460
29670
30533
1449
9707
25608
2419
1178
28896
29455
14064
28086
23829
17170
26431
24832
18130
19019
22148
3485
13815
28968
2886
24712
8674
22176
22899
2951
11411
11972
5796
30814
6414
28566
25507
31810
257
16413
12075
24464
3495
23993
21998
3519
14316
27573
988
404
21458
24859
15011
16788
27411
2252
8562
191
11016
18383
515
14203
27081
7658
5848
18639
1686
5231
3781
2001
10614
3929
27054
12642
9757
13463
4754
11800
1555
23976
23240
12412
32275
18280
14985
886
21170
29738
31407
7429
28737
29702
11196
18739
14835
1909
3614
329
21571
20507
20402
17215
28304
995
17030
32118
20490
22097
28899
25258
11218
3092
12939
14882
93
27867
10047
41
1562
1898
14980
27330
29012
31725
5287
9880
2905
16524
7423
24628
26332
5183
29042
28018
13208
5092
30522
11062
30006
9615
26857
25435
8561
11809
1451
20204
27000
17692
17868
2199
12947
23221
14458
862
522
1067
28363
22928
24643
25176
6146
2040
30506
22150
13070
26964
28629
31107
31059
1545
21353
2296
26285
3092
29495
16118
690
836
7211
18386
20280
4518
6503
18995
24
25665
18987
13673
24625
4100
20216
18944
1967
32509
4597
4245
18317
15820
11921
13033
28248
15702
31850
27444
18998
23742
16750
32188
3112
20369
20287
28837
28812
13376
4060
30219
20710
28372
17791
15438
735
7133
449
6317
10382
12203
6148
16407
22007
5569
3858
573
12241
25735
22018
15084
26509
31039
16476
28058
14483
4154
3453
16191
19151
11596
32572
16998
7788
26749
17357
18819
25823
29441
14054
13191
27432
26731
15905
26290
31060
16413
17570
28072
19271
29443
6649
27336
1720
10625
14409
21945
21117
1449
13738
14149
29449
23986
25805
22379
4147
31397
26847
4527
2105
12122
16559
17333
29700
23459
3346
2574
16557
12231
5767
16210
577
17458
22039
29039
25537
22890
1407
16704
22637
21573
31377
24674
29250
19034
20952
8515
450
12981
11387
19835
25331
3791
1379
13920
7082
8125
24992
13268
12041
31655
24585
1378
19015
6012
27683
18826
11951
6372
6213
32600
31980
1142
25337
17980
17795
7212
27556
20501
673
531
23146
14735
24343
29511
32588
15535
28323
12063
27795
29100
15217
24229
4210
4609
19681
4169
4583
29120
2955
7126
29922
9001
9857
676
18857
30843
24019
8208
27515
22538
22105
15913
4723
5778
23212
25260
15536
19403
11638
26675
12979
21821
20716
14249
11016
31574
26520
13825
20777
27834
4700
14887
13215
986
28596
7991
23914
2760
8251
18158
7843
29002
29809
8286
18528
10541
10171
1765
24536
7387
19627
3423
3272
29744
20098
2459
18197
7050
11251
29708
1970
16671
20266
28609
196
15508
9997
3735
8452
5323
26050
9646
26213
6140
2161
17945
17400
14855
3147
11738
7948
11528
29899
17677
10137
26668
1851
31587
4063
4292
24443
6610
26442
31128
16894
23691
7321
11390
20245
26925
27455
12843
31600
30008
14345
3144
29153
12484
8450
5577
16996
18803
17556
15738
605
6564
1007
20186
16928
22505
17583
15661
31670
23228
30136
9421
24287
17517
23397
30401
7763
11103
26339
656
8781
4724
7383
21079
17482
17862
20295
3354
30734
28568
11959
21336
1513
31116
30354
18914
14904
3606
14540
18157
11822
20016
3270
21861
3541
3919
9586
644
32591
13718
4791
10660
3938
32330
12823
12881
18228
20103
4751
29859
20306
23089
20414
14282
17399
14124
10314
32491
7820
12496
21376
6187
22635
28567
23098
8713
10984
18713
30470
31472
4242
19515
16772
20236
27574
23971
10512
14430
30245
30831
673
9483
24119
26406
11761
30714
13584
2286
5599
6045
4642
30464
4113
24335
4083
7770
24541
9568
1569
8627
24682
20269
9379
6068
6674
7795
21585
31077
18187
13476
167
21734
2887
31483
11974
6239
25496
25869
1467
2361
4120
16802
11268
15247
32200
3522
7760
7647
29559
32275
25479
27910
1510
12898
16906
9323
5929
18303
23100
15994
25936
15182
19009
22868
27719
22299
16134
5060
7931
5166
5761
13942
15294
11935
30522
32099
16365
23148
266
5520
16080
20169
31522
8952
8129
7095
9040
25286
1937
32216
638
15816
28967
9346
27260
24353
14698
7698
255
9022
8802
24195
31721
29451
4505
5183
29386
24422
3528
16180
27047
4308
16303
15915
30971
24434
31301
18005
14076
10031
3601
31015
17951
11321
27608
3176
11486
9141
23160
14473
23225
13491
17428
24884
32379
1377
24177
11303
4542
10366
12960
31299
15793
32530
18398
30432
32025
25181
30136
12644
8086
10765
8563
29972
4648
25268
27306
21290
4337
18552
2873
4903
9789
23053
28250
32106
6847
6112
17166
13314
15133
17301
3519
3521
5808
13236
32035
10129
7045
3999
1635
8203
13223
1992
3197
12614
18336
24096
5863
7405
19005
21203
23413
7829
12690
18738
8060
22605
318
14576
13368
28022
18928
16274
4715
16341
16938
26145
22855
742
23621
28450
13454
6515
32182
16584
28152
29030
15247
16231
11733
20956
16457
11308
12019
20346
16064
23564
27074
23300
5759
23290
31414
7723
3390
20317
18413
6823
16809
12737
10770
16262
15203
11468
7297
26820
15435
14708
14507
32027
14078
19312
188
7708
3741
8684
15740
7807
976
4225
29555
12984
29450
21604
13137
4043
18447
18910
18829
27744
19124
5628
4427
6170
10470
6279
28291
7461
25070
14902
13152
8206
30451
27427
29926
29144
1217
25980
4824
2124
10953
2171
30425
20624
25448
24472
20177
4091
12652
10749
18066
18216
18132
30266
1212
19273
2263
9786
28381
2494
5416
28533
30941
10727
11385
11112
922
310
9790
3138
3791
3464
20915
2529
16954
27061
26656
6908
4606
28773
29787
3746
582
294
21391
6627
20011
7100
13117
28109
30168
17848
12416
27034
30699
28237
31893
15655
14879
17502
10906
4008
25896
13019
2710
32411
14303
30542
13754
2298
5535
1713
12263
15029
21487
13443
17008
11359
2913
20507
29728
11047
28602
11323
17023
7435
29522
17640
81
30024
14782
30585
32096
19733
7597
239
23419
29840
19984
13956
13503
4089
18046
11399
30485
5406
9942
16230
6396
15638
11814
13069
2953
15922
23755
23662
3499
25137
474
2401
17588
19635
14271
6831
15893
1521
5156
1129
15977
7594
3861
10367
438
31329
25953
16269
20719
10437
31299
17400
4285
16241
31809
4922
11646
10965
20821
14714
2191
30068
3659
7008
19142
24657
32106
29223
16451
24483
30806
19956
8553
20432
6453
4710
27943
30361
1809
8558
14460
9362
24957
10337
5946
2774
3964
17227
522
6392
30110
27271
23984
30525
22380
24204
1936
28936
26630
1546
2929
25493
19979
29238
26242
1258
7865
32097
31642
5899
5206
14288
7364
23406
974
5832
19963
23214
21917
6632
9522
21635
1519
23228
27544
27634
28678
14990
25625
25537
26845
8831
23336
32558
27915
2519
25532
23265
26089
13978
26008
21022
18935
27740
24784
17471
7292
32085
2697
20066
4205
29112
9984
19807
21136
14657
17614
15357
16097
6925
15722
16741
1333
22447
7919
982
285
12672
25375
5019
18701
20278
6056
570
14526
11449
23463
31215
31440
3634
22123
26968
21940
10596
2939
6002
16329
31039
12250
13252
32453
28594
25737
14042
22103
31170
31310
9973
2571
2521
8884
5377
13933
7264
12883
26055
17777
27279
22609
15204
530
16260
28457
4858
3898
9107
19115
27301
17890
20958
10053
945
15994
11301
7808
5386
2443
8415
17613
499
23451
14217
21634
26875
12369
14142
2592
7981
10457
7048
5591
27528
10634
19318
17996
5807
31430
18158
20633
8929
28962
15941
22933
16426
24775
18445
9303
20699
24601
10542
2549
4665
7574
25401
7825
15730
19712
31992
10135
13525
28606
14666
18240
4417
31872
12333
347
9182
10786
32285
32076
16396
25043
32157
10581
24985
7286
16147
8980
823
12104
13016
2381
14637
19395
14736
6890
25676
14019
3767
18240
4389
31464
16765
5012
22393
6715
12244
31198
19953
788
14279
9420
26127
19515
4877
11530
17509
31821
4318
15297
26885
24673
8709
13918
15416
13804
27447
22420
21363
11234
20899
22948
646
32542
13770
5596
3351
13828
20625
15709
3151
16229
26260
3874
23763
30882
17854
12094
10486
24341
16663
869
25389
28844
7900
14510
17603
32727
11477
22167
9421
32421
28387
842
15201
1322
7129
23839
9475
5923
23692
3425
14944
27869
302
30805
4159
17234
8407
11896
13236
30613
22373
777
30358
29041
5510
27591
24628
8525
14099
3580
5700
5459
21408
7354
21020
27090
32081
27749
13861
6368
25071
24433
6028
27971
570
4205
4154
7314
29569
23873
27911
19607
24433
14260
19498
2040
13867
24369
32756
26134
18073
26570
2495
27190
12545
12925
16673
24031
26586
15030
31589
10882
13023
23830
18235
30305
26723
31603
4270
2217
20708
8736
16727
14561
26850
4718
12496
28040
29937
22130
31084
28154
7182
16905
1317
2964
31791
1306
26326
26136
27934
13083
21419
20307
25990
25559
20693
4605
13902
20846
27010
8160
4135
6045
268
27453
1889
30783
5488
28523
2563
18708
1539
11457
31770
28354
12896
7094
28241
2329
1445
23367
8898
13467
16863
7833
21516
1340
8130
7648
29350
7782
5790
3711
19571
3136
24718
26225
21142
16944
3827
28391
29063
25247
17184
27186
12134
13308
24407
20708
1168
26371
17397
27186
8817
4671
27881
17309
7321
1741
874
19410
10257
25188
14314
5326
25839
658
30789
325
26152
15688
22079
24901
27558
665
12845
16919
666
19391
32242
30054
20
31583
11309
5026
2513
4878
8113
32167
8531
25107
12086
8602
25911
4462
4430
1812
31940
12570
17562
26243
25024
10896
18493
20429
31879
15500
14481
9270
18014
25619
9241
26499
26116
22197
11447
11359
31370
29200
18719
8191
2149
17557
14988
30978
15554
5007
2738
19867
31513
608
9715
5361
26885
16142
26069
22470
27731
22527
8116
21591
20312
7937
2996
6532
32648
15758
6138
23857
6725
24141
31772
4588
15349
4059
8405
32720
17751
17612
12286
25769
2839
5357
24761
24409
9120
9164
21488
10874
18225
20603
5374
27204
30259
4752
4779
4529
22986
10352
9310
8928
4778
31438
28558
20151
27180
22894
16762
14285
6560
29999
12570
23687
7141
15176
7509
27777
15672
30162
23412
3375
23882
21895
10711
20932
6037
18633
15078
27218
17903
17382
27723
20019
4448
24218
32351
26025
1329
27349
24545
30401
22597
26815
25070
22909
24749
31737
26669
14129
25974
17958
26955
22830
17093
19115
21415
19102
5159
16306
10830
20911
22818
28789
28201
1012
18448
5305
10101
31240
17197
16792
9076
26228
9198
22404
14946
5074
20628
4489
12715
3635
20482
6610
3675
31679
20427
18287
27606
26779
20624
26966
10953
2576
27785
17063
3168
15593
27745
7220
3514
17180
7751
3904
6042
1197
9026
28039
22111
22480
9924
27263
20022
5198
13443
27102
32654
30249
8324
5980
12236
4995
13688
11194
10816
27068
7500
771
3416
17883
14332
26642
30740
3119
21672
14676
11194
9014
233
19151
30155
1469
25189
10595
30261
16457
20129
9040
5578
23990
5399
14841
16625
1822
12169
24808
15004
23292
19604
11793
7034
16273
26760
24411
20845
13447
26743
22876
13118
26581
27532
868
31888
4578
18078
9406
17938
23789
24069
10034
19961
23468
20909
25294
9390
21299
12137
22247
4547
23576
8073
29786
17708
7893
16302
23831
10412
12141
8157
15585
25997
19539
5587
8015
29332
1159
23192
26391
15924
2306
9815
19083
18690
11604
15981
31076
17513
23436
10688
20415
2463
32600
32594
14949
31959
11373
790
12367
12473
1065
1282
25962
24079
7799
13925
6807
961
31220
27003
12022
17155
14160
28478
22116
19405
9206
1920
6466
28043
22511
5943
377
8215
27395
6424
6330
6372
1314
31847
7179
16508
19971
26125
2175
7212
11
2027
25924
32765
8816
622
28387
7399
11934
1123
1988
16194
9434
7437
4593
20861
21541
29813
5659
30482
22883
24066
23522
21433
6588
31049
22353
21213
15427
21798
4008
844
26325
18700
25439
23346
16964
30873
19815
30792
2485
13678
4019
12361
10567
13117
26359
1446
12278
16931
11184
21626
6334
825
1124
19392
12035
19302
3371
1732
4656
10359
6254
23255
7327
15473
27887
11591
12729
25381
9481
25998
14174
22022
4922
20426
16007
16952
20446
877
7977
1257
21565
8758
2909
484
18120
864
23999
18531
23712
7961
10003
31269
29784
20021
16175
10433
19964
12836
23829
7482
1106
22817
31327
15827
11103
29357
1504
1573
14381
10300
10632
17774
5580
28206
10120
5932
2967
24832
4791
18923
22712
708
26164
10331
10479
27854
16461
22693
18063
18865
17568
17919
11721
11114
27008
18559
25900
4570
13467
32556
16237
13690
10969
4187
27236
27210
30599
17465
28504
12042
3764
11684
2172
15533
20187
21823
28601
10763
26051
6853
2734
30678
31908
16541
6134
6351
28555
21935
16809
19001
5119
29047
14629
20622
21221
30295
16398
27762
6561
20018
17043
7141
26238
21814
26355
31676
29776
26361
13888
23890
18776
16840
16996
25723
11623
13372
28001
16825
19270
18701
13789
23731
342
25899
11485
738
9588
3083
30929
28302
16415
15935
2513
14841
733
9802
25382
4826
32218
1970
7692
16908
22739
9303
2486
23432
4914
3074
3219
10897
3963
2625
10960
11822
28134
9843
22046
14813
31310
27167
27317
3718
12617
24970
32152
32686
8345
2696
24603
30957
9923
9618
31907
30626
22013
7449
28846
19685
32333
30490
2067
15293
8944
1267
32138
18323
24313
17781
9326
18151
32058
11578
24514
3650
18279
18744
2675
18284
20601
28567
13532
18654
15953
29376
23439
378
22174
2743
31571
19578
21248
26794
9833
16807
16494
10442
32532
21963
28117
5721
15192
24424
11777
30212
5633
21418
28865
19060
20711
20379
30534
18208
11377
16790
10189
25957
30808
18174
17534
20440
8621
4655
2451
6107
25118
27829
30396
26990
29813
10685
18370
12616
29281
7368
24683
26919
16249
26791
12191
32356
9598
15011
19912
1738
1504
17916
23167
14248
17540
5013
23908
21285
20421
31213
11853
32724
27065
20817
10404
16008
5813
14416
11786
29290
21779
31856
15424
12104
562
31519
6728
16944
4287
3820
24775
10302
29747
23799
25006
26546
26013
5798
13081
32581
26018
922
24952
24510
8130
26594
3308
9152
4829
6766
30196
31206
8949
24518
15688
29970
30773
23804
23301
14081
20274
14046
4363
10531
7794
12657
23715
14250
13611
25499
11110
17121
14156
21280
22362
15040
6849
3280
11869
6333
2547
3326
2247
11236
20367
3123
13131
27434
12169
1060
12318
16895
20832
226
4955
2850
8099
4689
32423
11705
16564
29147
17
4257
3276
12389
22587
22531
9535
130
27583
8488
4354
28903
25548
12430
618
11040
16912
17979
10806
2689
27611
3153
15312
8030
28801
21475
1744
29311
3840
5127
18882
7374
16098
24364
8745
1875
16485
17070
15812
26466
30682
17576
12559
19219
6219
29706
5901
18931
24928
16107
24133
11769
29827
800
26378
10428
1347
3341
22272
26850
26870
30907
17884
9180
18851
10539
10091
26577
31
18922
5846
18903
22901
3814
26404
17513
19339
9856
7424
23062
23811
4578
13757
20598
17504
22419
24471
5986
618
17480
1852
12388
31699
11774
24203
10861
22042
27973
16539
1478
7088
223
5887
5193
27482
3977
9288
10705
14038
15385
22476
12527
21697
32713
3750
30687
27064
32467
26110
18874
27838
2878
651
10220
19165
18935
29013
14313
28176
11811
1472
14620
11105
16052
22726
5920
23631
23098
19844
27699
10098
27900
16120
2024
15458
19784
15113
19996
1748
12807
28359
554
7430
30612
10229
21091
27998
9935
4037
14264
28494
29293
738
32186
23418
7826
10931
1733
12061
1697
15327
8311
32424
13651
32268
31847
23469
17158
237
8468
20988
28248
8827
26396
16396
8949
19074
22191
3740
25261
32608
31042
2969
17610
14345
29576
27715
32672
3919
31646
14988
12389
15457
32646
12736
21827
29841
4054
20075
11692
6746
25265
5496
29934
23969
759
22166
11015
12603
32697
28128
24506
14768
12272
18620
13282
6462
24174
12803
1287
15649
29204
10595
30511
4114
26182
18946
20726
13838
10140
1124
24033
13656
10458
12175
19184
12481
17443
13677
12658
5927
15465
24177
17437
27708
29480
125
21086
3720
9812
5380
5614
7858
19088
31340
32422
27643
21920
25782
28820
2571
3361
16736
10318
29680
11639
4746
14726
24676
32008
1369
23519
11086
8104
18329
31231
30860
15955
24742
14054
29680
22306
4492
23934
21128
18808
109
28275
31011
29308
13091
16452
27664
28109
7463
26011
27689
20081
17585
19930
25873
25614
17185
21494
4281
24668
9374
12168
29737
28890
27389
31777
6525
8384
14308
19166
11053
5941
25135
29245
21650
1475
31378
4143
2982
23304
896
29295
10252
3502
24652
22801
27472
5021
16271
18270
24175
22894
1225
22239
10394
20003
30027
16568
17207
22294
11348
4408
12073
16432
6778
14765
3921
31835
5195
29821
19540
19002
13365
12146
9631
4375
5027
28758
21417
2589
8041
26560
8056
2503
2914
9773
4967
32152
10583
10066
10534
29197
10019
10161
6402
13520
30741
30827
11879
26414
28054
17749
17827
5323
17164
333
22252
8852
8446
27855
12965
10742
23416
27331
21213
5197
28593
6041
26137
2720
1259
22168
30547
3467
29851
18803
22338
18812
7626
26142
10972
31523
1979
7903
17178
30755
6094
20648
8699
12302
24228
27556
20683
14736
16516
2576
27557
16362
31997
26956
1591
25762
22989
31026
19909
27001
29954
30118
3184
13982
607
15982
29113
4385
30721
24901
17473
5546
28227
2602
24786
19307
14046
19966
10915
25427
28501
846
20696
30597
4752
7534
3401
24328
19910
15815
16516
27072
7329
28529
3861
6301
28829
16645
25605
9746
26546
12460
31904
29385
22066
7804
24955
10901
10228
14597
28854
13736
23730
6182
23935
18950
9136
31270
18647
12601
23198
22271
22425
5702
29632
15869
27064
28641
1868
12680
22216
23261
5140
30014
21440
30950
13156
582
26110
10098
17454
5600
1931
8949
20836
3648
24737
27220
14246
2460
14954
30365
19997
31620
3851
6901
5799
11378
23265
8402
14644
22434
4874
29802
20080
23331
25896
30059
15778
11823
9313
16364
12755
4536
1963
419
27188
12099
7494
12121
27066
6649
6025
11932
18955
26107
22242
18356
13725
18935
21785
29656
19740
32505
21972
23457
31757
21123
96
6590
178
7903
18094
5610
11053
7604
15772
3099
6119
18648
19062
5116
26931
15717
18877
15518
17455
21775
4903
4202
5355
27060
32486
5467
24014
30517
20525
7530
5685
3973
10481
31561
23644
21759
27373
28499
32386
28413
10728
24772
8008
11430
4922
14117
31067
18951
28301
26635
1618
2918
7137
3329
3290
8914
13011
5571
23056
5119
10014
27309
10798
2641
5730
4978
1130
21815
8996
13841
3611
32442
278
517
6430
12374
5785
23484
29048
23048
22401
23627
11836
20392
15640
31072
2480
20601
32613
27000
1195
11519
29614
6226
22849
32528
13371
16291
162
10286
30045
30731
20544
2580
11183
22088
29232
11663
26524
26794
15571
19343
2593
10438
11701
27774
14036
13679
2997
4560
10022
26850
29799
7644
17125
8001
22710
28138
8709
16707
11470
23181
23455
26409
20281
4659
17978
10228
27463
506
3402
26837
23220
16581
16374
16613
19077
12432
15646
17686
10035
18944
8349
20585
5131
17982
5579
7266
29141
6918
13126
15802
14516
31995
17395
22867
10573
23614
8511
9585
6443
3902
683
2854
24162
8146
26247
31758
7795
28293
30717
20541
1136
8240
5714
16502
8801
2511
24937
20637
485
3725
28553
15983
10269
9249
4191
18545
4293
29021
16711
24870
25764
15108
14023
8837
28455
4829
8028
5546
5961
32005
890
8908
24501
32649
26318
15727
12847
20532
3782
8411
31280
5286
4691
12492
21200
26790
5870
21099
19433
7866
24281
20861
2682
28404
3239
9691
18505
2062
16382
11554
30413
14010
28572
11435
2378
5939
9368
12222
10814
1304
31466
5634
24572
15738
2862
26168
25751
26420
8613
14633
13569
30074
26237
20701
7028
6325
23378
12302
14609
12686
20980
17884
21192
31305
16491
451
25975
23125
5688
25545
17750
6177
30430
23804
19602
23857
32161
5147
23864
16496
28302
25236
14933
19144
30907
7598
31836
10736
28112
8
9415
1413
4806
18242
5377
10845
28143
23034
27780
24
13879
2554
4670
31991
18345
18095
27962
3058
16693
21470
4220
6404
12208
22674
24109
14282
27164
23129
26104
6220
810
30895
691
15899
29693
31931
31554
11676
25649
4409
10936
931
13084
14008
29632
11075
9811
18437
828
9701
24944
8935
9771
6552
2835
18700
14032
6568
17191
3396
25873
23922
20071
8429
24093
22902
6944
5550
5969
28334
824
10089
16477
9247
28527
25194
8354
7853
16357
31205
25567
19251
7645
25247
6669
28371
6848
1515
28295
4491
16485
8408
23150
30473
30351
9129
22092
6593
25015
9605
20215
23612
7948
16496
25017
25779
441
27002
9133
22236
13670
6454
30828
24580
27137
22638
15337
18782
27838
1301
17306
1179
21084
25469
31449
26298
5803
20427
7817
1314
21835
9127
23548
26862
32694
9272
22292
3208
13440
3151
23465
22393
7134
1762
15915
3199
28006
11709
12169
24032
789
24692
2129
7167
7574
1948
20248
12845
15809
6202
32284
26049
14179
27516
19496
2923
24893
16039
31928
9925
1615
28497
31582
10283
31830
18384
18020
15565
915
28658
27827
25858
21454
21999
8947
17632
31387
9115
13300
25353
28380
5088
20557
18887
32135
15468
323
15964
29609
8103
17132
659
10667
6888
2452
21659
21460
1256
13919
8469
15376
4215
16176
7020
18672
18285
3530
12389
30193
12772
23093
1783
8449
32164
1124
860
20799
14815
12564
104
23299
31519
11767
13082
1310
31612
24850
27761
4963
2834
18275
11648
23142
25778
18120
16837
16515
15064
22300
21431
20514
4317
18083
12190
16186
13422
7592
10407
4116
27453
25956
21560
12114
10486
22050
3969
13103
24949
12449
852
8200
19254
18106
6710
22044
9741
30530
7350
3216
23063
8498
26621
32182
752
20997
29351
10382
15142
13154
5073
19341
15342
31739
16499
31902
9494
26549
13041
615
315
31497
12524
21197
23100
5546
25438
23226
29166
6248
29926
29469
29458
8788
27232
10035
11908
10533
27065
12294
14517
28890
25345
18739
31578
9889
20418
17135
3942
8952
31889
30028
29494
5906
4322
30905
28940
10620
18721
18376
18879
17920
5886
11829
30641
9418
7176
10531
7680
19657
12925
7336
30721
5464
30816
652
23786
27422
4301
30286
11214
23602
3978
17000
13263
12163
17118
21204
27791
2936
20390
12495
4839
28627
21413
27613
32220
1755
540
5133
16334
4538
28314
10622
26611
29732
31254
9506
30724
9017
5691
32450
25142
31661
21251
21571
9068
17190
27271
5671
19883
22757
16150
23895
5838
22953
32644
19999
16251
15056
26052
11386
26197
8384
17337
1424
7027
29829
21066
4733
18450
31931
30389
14420
16006
32175
29221
18787
1655
9409
12166
27577
14665
17165
9112
18662
732
6986
29506
27394
6774
18161
21546
27377
18429
30370
23426
21476
18794
4549
12069
24611
11386
31085
19682
29451
28838
29313
23575
29778
1366
31517
15746
28819
30802
3894
19797
8966
26745
8317
2952
19598
4277
17798
7795
31738
32558
25642
25500
11140
19646
23338
718
22430
26790
28436
14187
29423
19583
32363
17410
23448
11379
16642
17444
13755
30636
5801
20596
20286
15629
10507
10494
28876
18464
25815
22986
16413
2640
3614
3504
6008
9305
29693
877
30326
9212
1915
22775
28680
18935
22964
8462
14779
27700
17720
30484
16443
18497
18094
1310
25878
23040
18621
12363
18883
2720
26412
24405
19427
19403
27975
3941
5830
29473
4997
11052
28209
27110
16489
22575
5727
1271
20646
11874
32069
6403
10886
3577
2331
7927
8332
1915
12311
31930
26457
2584
15740
17947
8908
19516
26579
2568
20077
8804
7288
0
1292
14385
9305
10698
27557
24506
1531
15720
17287
27431
18622
27463
26549
17532
32097
21688
14733
14258
12232
18084
16551
8972
9725
3194
512
424
4214
28525
21080
1109
3990
13789
10200
11428
12917
14098
12024
7746
21220
22320
9888
6788
29356
32615
18317
23108
32279
26219
15095
14828
6066
15652
25713
27600
20816
5030
784
9409
30290
2659
28111
30430
19238
9119
28466
20142
26126
18725
1066
18028
1315
23097
569
17314
1433
21965
26838
4858
24644
29944
25107
30288
20315
18851
13949
22795
381
13702
14404
7854
32241
19795
27036
16298
7730
31792
25186
10359
16555
31595
14595
3810
6335
29289
29338
12713
16396
21216
15960
13893
27889
17734
41
6407
29261
14730
28308
25446
27786
28673
18403
7320
16347
3747
25221
10335
19393
5751
7344
2086
30676
19788
28491
12876
32192
28586
10250
29632
5262
16136
3803
4046
24869
16447
31361
4664
20496
15935
6270
1929
15489
25857
27703
4006
2198
2237
18771
32422
2780
27996
19812
32739
29970
8752
7369
28497
6191
17891
26323
23823
10662
18093
29990
28476
28136
29386
19042
5644
27690
27948
5123
17947
3945
23149
29574
11521
22700
23047
25294
5158
1674
8135
14277
26072
21995
16767
2886
2202
16403
3324
1851
1215
23004
31287
24578
10296
14402
3535
32022
7339
32293
16311
5355
9157
30539
14892
16409
28112
25765
1259
18365
16008
24019
28832
13084
21546
27625
22177
22666
17615
16756
220
30091
17912
13240
19983
4663
4714
22844
26167
13283
25148
29065
4938
8957
10542
31278
4648
18488
3900
5383
28623
25833
22387
9151
18127
10929
10500
15508
28927
30301
28311
23642
365
12810
16353
31171
6811
8845
2425
24029
29928
9234
26343
26076
10572
6658
25342
4634
5192
5675
4717
1628
25885
31515
15504
24407
11581
7628
1676
371
1023
10887
21658
17614
4758
20738
21923
8836
7236
31692
27918
18222
22219
5866
28374
11944
10021
10691
25055
11544
5748
18489
15498
2347
4924
7961
20359
2978
21200
8117
21226
10254
26378
3791
18817
8919
23615
31417
11877
22659
29554
23739
8400
2613
19656
27061
558
21364
5692
22021
14967
11566
4756
4267
5819
8701
3220
14763
30207
6056
2673
22451
14407
20973
21897
4350
9204
4734
10832
27512
13648
31305
9358
22563
3176
4092
15304
3513
27930
4041
25595
30355
1390
26727
9873
13769
28202
2393
18317
1947
6560
26226
19209
272
9419
21657
28386
29404
16026
9162
27826
29575
6540
6749
6142
21708
7037
13707
11441
2112
16320
21294
25033
14132
24429
10440
5201
4571
21500
11207
7823
6576
10259
20231
12158
27410
19101
14745
13951
18993
30748
23235
14155
30510
20032
32583
6700
3454
15800
19432
19565
29328
20040
16683
17678
6063
26908
11355
16829
4905
7516
10703
20482
21681
4864
7280
30394
30978
8166
15989
5062
197
13089
12145
16900
28341
2709
9104
23422
4353
26305
6173
27618
31217
12507
12616
10035
27597
18210
9511
14525
15355
25456
22522
32334
29031
20494
3507
931
8744
24269
21686
21025
21600
22098
3549
26822
26211
18866
13759
28766
16924
3647
21298
32762
24493
17313
12046
1438
23382
8744
14644
10042
8856
864
16079
12251
31898
22758
21978
23843
29131
1403
8675
8439
22217
19543
22030
11127
32386
19135
6236
20787
22425
12250
10797
8603
30987
9921
31236
16824
25106
9941
651
24346
29001
7765
6871
20242
22289
11056
7148
11809
1844
22039
32644
5039
28105
983
23564
11776
27480
4326
25072
23141
23614
19259
15896
3503
12114
15971
1459
8425
20424
1490
3891
22087
26198
6519
23704
10841
13718
18579
31474
17796
5548
22218
31521
8627
21288
28539
26592
14410
29998
25421
23810
19548
11988
25610
9210
9501
32715
12977
31137
19610
18498
29638
24884
9895
21511
7661
10396
29721
8431
14007
499
5686
25721
20924
22083
9834
5294
1514
13713
13884
30795
19740
2074
19327
546
494
25820
27853
31678
28624
12632
21041
17222
10586
28311
3620
8355
6368
22379
17083
30181
32581
13303
14110
20195
21780
1649
24892
5154
16844
29991
14269
25849
7548
5568
24632
23794
12432
32197
3495
18546
9707
15456
8984
3229
25398
8547
28325
18036
15223
30091
4261
25920
12261
2055
25380
17460
13051
13620
30097
1870
8651
19115
28855
16254
26517
27773
30447
6666
32664
24509
21651
7985
18728
24127
5301
17423
25089
22432
19985
21440
31451
17286
15425
29640
23102
26921
31024
18354
408
16403
27345
30712
10381
20004
14609
8227
654
9944
24586
26675
685
28621
12921
19777
4527
3711
24690
23907
27235
25430
22098
27344
4147
13796
2038
31301
5113
13927
31786
28839
6932
14486
11364
17385
23738
2970
3251
13104
2447
4954
20466
18997
20855
1787
15425
13291
31657
30887
9142
8291
17670
2702
21839
16876
30888
29995
6699
9598
30397
17097
4858
27225
7574
25669
2483
7401
18683
789
2949
14573
23490
13449
24335
5848
1952
29265
10963
18551
18238
31808
24552
10453
16015
1872
15600
9052
30050
24037
32074
30268
8243
21846
2185
29713
27463
15529
13860
2240
31736
10398
31086
1441
7245
16624
2505
30948
17613
29399
23319
5165
30869
11473
31346
26242
10153
1954
8989
28007
2952
153
8122
16711
12803
10518
19389
24854
10830
28489
18720
24885
2136
25660
15961
406
12888
8980
12425
28448
11432
15764
19958
13397
22487
20962
15547
7474
21754
11662
16830
4694
1090
8656
21475
12135
20948
27921
28543
6322
17620
23981
15888
21521
1219
4600
26155
10514
18700
31103
6069
19541
26329
31632
10326
23094
28971
26364
21547
25772
7978
3867
30395
6257
27834
14865
20525
15716
10574
17488
10936
5675
26881
7518
29786
25372
3043
473
8397
3166
20368
5816
26551
14155
7944
18899
13089
19225
5306
7078
21034
10426
25314
13905
17404
6656
5653
30180
12032
15365
26138
17882
22606
26826
2300
30691
12136
25630
15453
30695
16935
20418
30989
327
11509
10954
1244
14694
23357
24646
22188
21352
11296
10530
202
8505
20330
17739
5502
13777
28356
20499
14816
31927
30507
13271
23278
27332
5792
223
14556
11306
16929
11141
15531
29621
22489
30106
19453
20304
12692
1797
3880
9674
15221
31149
23945
16858
25323
23706
17435
3681
29153
29271
23111
26608
10805
11930
22782
10122
13676
14118
10246
19115
15524
27633
21905
23688
15561
14978
11284
1177
27404
16542
23126
24149
15761
547
25032
32317
27752
13876
16148
18459
32447
28566
248
31372
14422
9306
16725
5052
31539
22717
13443
29553
29078
29004
17128
24139
5167
28748
24777
17994
24719
8792
6239
31888
21469
32332
31278
12392
32202
15458
26514
24456
16326
26779
27547
7059
3189
29793
5658
18658
15196
2922
3324
14980
17633
12255
18391
20355
31346
25022
10691
30057
3844
21885
28011
13315
959
32240
5988
9829
19703
28012
25277
1326
17247
21037
23511
9742
13689
4597
7542
5253
11601
18678
25625
10221
15979
12274
27527
15034
28666
11681
19115
26369
5970
5971
16801
27703
13984
25814
11793
8764
13273
23450
6588
7575
31728
29971
5972
26884
26188
1119
24977
30764
27769
24361
28801
14259
2590
3533
31008
24183
22831
18108
2856
25623
15971
14627
16682
16563
14825
27335
14046
23027
12375
11571
14776
16715
16355
28182
26555
10109
30165
26343
12434
10591
30780
28618
27869
23006
30688
31159
32713
11587
32377
29657
14051
10677
27934
8244
23598
255
16128
7051
11890
30612
25688
7297
13272
15568
18846
11774
6836
6273
24316
26836
7330
4518
13314
28835
6100
29303
31643
14330
21162
19877
3136
20414
7555
26850
12395
17872
18132
12452
23375
22250
5495
6438
5574
30666
15685
4272
14219
31123
486
26393
16553
19824
31720
20106
26419
11130
13327
22916
11574
8412
2284
6693
4844
18740
4785
18087
14642
14141
31044
1833
2108
20652
28818
20658
11912
8535
20262
29043
3088
27036
29434
12876
24004
27649
26765
12690
15671
15896
2101
23312
18585
8358
32183
8523
1765
8963
28181
23563
23643
5572
12199
28694
9009
4248
18541
9279
15494
3952
9892
18335
11671
27363
18327
3363
7477
12240
16568
16455
17783
6725
24303
14112
11692
14239
20530
9632
16531
29683
2902
13846
4815
5805
27173
2804
28053
29303
10672
3541
29096
19549
17639
12222
26247
15918
23910
32420
2532
6181
9874
13359
29529
1480
1765
8638
24663
31249
25478
7595
31839
9932
18973
21968
31092
832
27877
11082
3280
9745
9475
31612
9174
30309
28438
31319
25928
30790
5647
473
21178
14408
67
31444
7750
6763
21182
17137
2178
4162
24282
13300
23215
31317
3601
12354
20787
14533
16400
22688
2634
12078
20236
20285
19704
16337
11865
11251
15426
499
22329
1482
19101
14208
30706
13758
423
17908
6435
14018
29205
13947
11607
18180
24556
343
16091
11891
32501
10371
12237
20095
21354
26006
16502
24351
2806
28393
20442
32025
25053
6140
2700
28030
26742
20758
31687
14963
15586
18988
13499
3383
3320
15620
32293
26978
29823
8859
18466
11627
2976
22467
19525
31853
14746
29968
5607
29995
8120
24053
25790
23121
12417
19243
7602
4093
18222
21586
15851
4733
21345
15579
1071
19035
27923
2085
17515
24982
25806
6374
6543
32307
9245
24525
27039
1524
29250
23910
28679
20328
28966
31549
16944
25636
26262
70
592
14415
9643
9340
13446
31588
11402
1993
27174
26163
19022
4134
14162
10793
24899
29443
9930
26066
6485
28137
8196
17052
5832
29278
29568
8158
2345
18697
342
28440
9860
28694
11793
9597
26327
14556
6591
26286
5063
26813
19785
19657
146
24910
20993
29090
32325
5048
26490
7504
24623
17247
19356
15852
9365
23489
18679
3221
5543
23968
32600
951
30387
10083
6810
2701
4505
7354
27583
31205
14463
29057
6208
24100
4037
7143
21408
6793
13371
12751
22343
20918
4498
13686
3214
14188
32017
5462
7447
12182
26761
25419
23903
24201
16779
1781
17814
3722
20696
28509
27822
3728
11801
2011
14770
28236
7121
29751
16217
15207
24463
22542
30171
9227
27240
11639
18179
8868
26020
28391
8325
5864
30648
6226
147
28693
21877
17299
12459
19577
29566
25614
8883
12856
27647
26004
9287
17738
27804
12935
23634
7875
16552
25918
18139
10583
19352
10410
8994
10013
1975
3130
2028
17555
23835
20221
4635
23779
25815
26119
24961
21348
27762
16917
22518
9828
19864
6260
20136
7973
28176
13086
13747
17189
31726
3111
20978
27298
14858
14423
3348
8286
28848
25881
3058
11936
22169
28051
32543
32123
1562
19223
25025
9810
21148
25786
6816
24732
4684
578
13181
11237
12308
26182
6821
23317
6601
21392
8902
25845
24230
454
13568
7663
4601
17738
26943
16150
17948
28254
30921
24166
13223
9100
16147
15436
24804
15173
15577
2665
23939
22728
20845
3987
26255
20549
7760
19740
1697
5698
18687
2391
1620
15935
3855
25433
16632
19605
24700
21501
12683
24484
29759
16427
19429
29741
2846
89
30258
18685
21704
337
13989
9676
11041
25141
26987
2404
6107
13249
4830
774
22598
15569
8700
15113
21353
26659
14103
28356
13905
16221
17101
25518
10921
5970
4411
5572
23435
20865
5486
9515
15510
22238
2330
18199
18241
12246
13455
15851
8814
23949
29416
7330
26691
22634
18054
22893
32309
22485
4541
29597
13157
18239
18380
12484
6448
3171
10771
13591
18945
716
25984
31511
4714
20632
9291
28273
12404
30843
26595
11810
7475
19719
16168
14814
5277
10538
11482
3763
20380
4600
21073
30442
9313
9642
12911
4398
252
31719
8404
21232
29737
23363
12624
2569
14445
26630
15262
8609
30050
12334
18255
11856
11087
14519
29700
1412
31996
28697
12768
25635
19397
10771
24125
26737
23020
2215
6302
25395
26420
30310
25573
17429
31659
5613
26567
9545
21703
19120
26236
14961
10420
16118
15035
9919
13293
2853
29157
32346
17674
25152
22145
30468
15064
26542
32488
3067
10415
4669
13377
6428
5376
16486
17840
12622
1582
25043
7115
13342
20895
23070
8270
26279
24850
220
19983
5045
25139
25306
32052
30506
5228
10406
16291
30880
10495
18001
25018
31055
26962
22644
25409
14641
6025
21105
31900
5989
15706
25083
1093
12754
23837
11225
18554
10252
14627
17894
12595
1403
9545
4701
15959
5818
5837
24659
13871
11837
26208
30085
6171
7223
30844
25940
10116
23994
16375
22798
8977
18208
20185
11631
31774
11691
26987
2408
8810
21608
20368
21022
14351
8281
12376
8246
16824
22482
31699
6736
9998
28964
1827
22737
6003
13433
14037
14054
9971
13567
9074
13510
14199
25929
27728
20279
572
19186
11438
28755
21892
5507
18176
23948
23180
7318
31368
18158
30653
2364
30502
23460
8998
11933
25457
1982
14634
21982
2310
16177
11126
328
6945
31263
7223
27302
19306
18009
14729
16622
8465
4643
27954
26916
17948
5175
13456
18044
16128
29964
13520
19903
16495
7511
24417
26607
6002
19923
15016
26670
22455
25661
8950
6364
17452
29091
6071
9216
9677
1503
26860
23273
1209
21599
22747
8469
30604
5671
1540
32337
31977
19736
12632
7202
4950
19570
13478
12900
845
10904
15702
10033
3983
19
8025
26116
32700
6106
21600
12830
14625
29904
31564
30761
22993
20623
27622
25372
2551
30564
13009
14430
30570
9626
2493
16174
12162
18940
8156
14146
19243
20885
18074
8878
8503
24762
22153
26376
29433
7499
24730
2506
18191
28213
32659
3063
26239
21563
23997
10498
12294
16375
17117
31979
13740
2331
15974
21931
22684
27389
16877
13266
22323
10835
16349
15983
343
18490
8812
11824
1802
26238
11982
29642
5438
16661
10408
7579
13547
24812
18887
16526
8288
27623
25106
26688
727
13859
13245
21089
22091
30846
24512
31068
21390
20569
30344
12858
10390
27804
236
25027
26903
3067
5474
3303
27992
12408
19827
18525
4927
11305
12140
19338
5549
27452
24663
10916
28178
7992
12841
31767
29752
12165
25149
27944
12387
4911
7169
2520
5020
30695
5104
15371
2634
23115
20160
17897
7426
29543
26844
15237
5024
8059
29204
16316
20119
8702
12691
2145
19077
27364
26130
28055
523
16669
22092
2173
8667
30302
17842
9489
17170
2083
8543
2894
8137
20981
31054
25496
30182
13544
6603
14938
3128
22633
22823
26350
3524
26678
28080
22973
12121
29614
24544
5543
21355
21067
27861
22693
8222
12653
27905
14252
15264
12121
4899
12757
8892
10113
6006
32444
19884
5126
9000
7205
5935
10363
4109
24294
6620
2540
20629
2817
30646
18462
5116
14096
16384
31769
31424
32486
26451
12260
28504
18803
1517
29584
30499
9704
20556
17271
3999
1052
32252
9158
27611
19502
4781
5433
9775
6509
15752
18214
14890
7284
17091
10941
23244
26777
