100
17781
3668
1411
7810
15378
15655
12873
6325
18216
15642
9234
28337
17006
21973
13177
18419
25474
8785
7201
3043
25911
24288
8871
16380
32048
22638
22229
4396
20398
24838
17945
3198
21926
28056
12853
19190
26903
16633
8247
5308
27546
18475
21420
16254
15163
3039
2577
19471
27015
23352
2698
1876
26854
5074
24023
12896
9259
11011
17027
30174
13418
23648
12638
9391
10505
8579
1582
4565
5658
22284
8354
32144
23784
13030
4487
24006
25296
28620
10302
1448
10835
21003
29806
28819
617
27017
4086
13364
16407
13574
17702
24048
13891
2722
25902
16259
24520
27039
25302
28391
