100
539
571
684
922
1019
1452
1482
1746
2764
3153
3697
3773
4114
4232
4379
4553
4580
5287
5857
7071
7106
7535
7599
8253
8410
8600
8606
8667
9186
9228
9512
9867
9913
10143
10464
10626
10672
11479
12260
12530
12789
12837
13091
13547
13828
14228
15171
15450
16114
16407
16976
17231
17563
18241
18872
19602
19702
20122
20458
20506
20701
21967
22626
22847
23139
23181
23281
23341
23517
23727
23962
24123
24165
24393
24464
24618
24753
25089
25187
25665
25676
25865
26086
26559
27013
27091
27183
27424
27699
28096
28211
28435
28501
28920
29069
30837
31652
31707
31873
32395
