1000
55
177
235
237
293
294
322
332
423
444
467
530
536
604
606
663
664
673
690
694
715
749
762
768
785
902
902
928
932
961
1039
1051
1096
1127
1138
1284
1320
1343
1360
1372
1417
1456
1463
1469
1482
1490
1530
1619
1651
1713
1717
1726
1731
1742
1826
1927
1966
2016
2032
2078
2087
2121
2157
2227
2241
2300
2313
2414
2431
2475
2500
2512
2549
2583
2609
2622
2748
2813
2824
2843
2882
2886
2993
3004
3031
3034
3127
3175
3185
3269
3279
3310
3328
3328
3347
3355
3367
3390
3408
3413
3421
3436
3442
3478
3478
3528
3542
3557
3603
3636
3637
3662
3701
3722
3733
3779
3853
3956
4030
4120
4159
4190
4236
4250
4274
4279
4320
4352
4365
4396
4404
4410
4420
4486
4585
4646
4689
4704
4761
4767
4800
4824
4911
4923
4949
4968
5096
5127
5151
5193
5227
5254
5258
5323
5337
5368
5418
5456
5457
5461
5489
5512
5537
5548
5563
5605
5632
5656
5664
5667
5676
5715
5743
5747
5763
5776
5797
5833
5865
5883
5927
5973
6012
6052
6087
6090
6116
6168
6330
6361
6361
6437
6460
6560
6583
6591
6615
6679
6685
6687
6794
6804
6828
6843
6845
6847
6869
6877
6894
6902
6905
6944
6957
7017
7030
7094
7179
7204
7204
7217
7226
7238
7240
7299
7309
7314
7328
7347
7353
7380
7410
7433
7442
7453
7540
7572
7572
7587
7594
7633
7669
7682
7696
7716
7755
7761
7762
7848
7892
7907
7915
7916
7955
7961
7968
8022
8024
8125
8177
8183
8188
8224
8243
8260
8283
8315
8331
8354
8357
8437
8466
8473
8498
8533
8542
8574
8614
8682
8743
8770
8824
8839
8849
8868
8875
8888
8927
8941
8967
9075
9102
9120
9128
9129
9155
9171
9207
9208
9246
9281
9312
9354
9446
9446
9457
9469
9547
9563
9610
9673
9674
9726
9736
9743
9785
9787
9832
9838
9842
9978
10023
10127
10161
10188
10218
10279
10317
10340
10398
10456
10461
10528
10610
10695
10720
10726
10773
10798
10828
10850
10851
10882
10929
10938
10957
10987
11004
11022
11029
11100
11110
11144
11194
11199
11203
11220
11226
11289
11291
11312
11317
11379
11398
11429
11442
11452
11491
11506
11615
11642
11647
11680
11735
11740
11768
11780
11840
11859
11897
12021
12076
12145
12172
12226
12299
12304
12325
12330
12378
12426
12431
12433
12485
12563
12572
12600
12643
12651
12704
12727
12730
12755
12765
12772
12773
12786
12793
12810
12838
12847
12865
12869
12879
12881
12998
13017
13044
13063
13099
13099
13154
13158
13180
13248
13269
13277
13304
13315
13325
13373
13396
13402
13507
13550
13550
13589
13621
13638
13647
13686
13697
13714
13714
13720
13722
13758
13766
13812
13818
13826
13845
13878
13898
13934
14005
14009
14026
14056
14063
14084
14084
14094
14099
14128
14159
14174
14178
14244
14275
14289
14302
14346
14385
14416
14455
14499
14514
14572
14623
14634
14651
14655
14711
14761
14802
14810
14810
14837
14856
14898
14938
15024
15117
15130
15188
15197
15213
15293
15337
15454
15504
15511
15515
15518
15560
15611
15639
15642
15646
15661
15722
15732
15736
15736
15745
15750
15778
15800
15806
15823
15876
15892
15955
15957
16002
16006
16009
16019
16058
16069
16086
16092
16169
16194
16234
16267
16520
16576
16583
16597
16605
16767
16834
16874
16888
16896
16899
16977
16988
17072
17076
17088
17095
17104
17153
17159
17237
17242
17265
17278
17298
17351
17369
17370
17413
17418
17434
17440
17456
17588
17591
17655
17676
17718
17780
17898
18005
18023
18026
18048
18118
18125
18173
18179
18223
18238
18306
18309
18326
18328
18329
18374
18377
18443
18474
18480
18546
18638
18735
18742
18825
18859
18860
18890
18899
18902
18937
18971
19019
19066
19074
19083
19097
19139
19142
19213
19250
19309
19333
19372
19384
19493
19502
19512
19606
19680
19689
19708
19725
19732
19739
19746
19750
19854
19934
19965
19984
20037
20076
20078
20085
20090
20157
20242
20280
20320
20411
20469
20470
20488
20572
20624
20642
20724
20786
20806
20837
20885
20897
21008
21017
21090
21246
21276
21322
21332
21403
21440
21508
21584
21588
21596
21606
21680
21762
21762
21808
21846
21862
21874
21942
21999
22008
22022
22147
22271
22274
22298
22300
22329
22442
22499
22522
22587
22593
22649
22654
22661
22666
22671
22711
22785
22795
22803
22813
22817
22904
22954
22998
23090
23096
23122
23146
23193
23211
23223
23228
23265
23354
23387
23403
23406
23408
23417
23511
23517
23531
23536
23566
23612
23623
23655
23692
23772
23789
23795
23843
23883
23972
23999
23999
24007
24020
24020
24037
24038
24053
24073
24074
24094
24124
24138
24158
24169
24219
24227
24231
24238
24241
24246
24274
24326
24380
24403
24406
24456
24466
24508
24521
24602
24609
24612
24644
24652
24671
24687
24736
24750
24779
24780
24781
24793
24830
24848
24866
24917
24950
24954
24970
25039
25058
25058
25215
25226
25264
25280
25340
25437
25450
25490
25518
25524
25744
25771
25772
25817
25823
25834
25859
25865
25870
25899
25903
25951
25953
25960
25986
26149
26156
26193
26233
26239
26243
26287
26291
26396
26400
26408
26415
26420
26472
26474
26475
26523
26547
26557
26567
26574
26601
26658
26720
26758
26768
26771
26773
26788
26815
26816
26827
26891
26933
26946
26964
27054
27100
27166
27234
27241
27255
27268
27274
27293
27320
27328
27371
27448
27498
27510
27519
27544
27562
27568
27595
27627
27700
27723
27847
27850
27858
27936
27964
27995
28013
28019
28033
28046
28119
28135
28208
28223
28242
28253
28266
28268
28296
28320
28351
28371
28384
28419
28445
28491
28512
28516
28519
28606
28631
28688
28754
28811
28830
28841
28861
28866
28942
28988
28994
29009
29037
29050
29072
29134
29272
29290
29427
29428
29463
29633
29672
29685
29700
29738
29866
29867
29880
30077
30235
30254
30256
30261
30267
30319
30321
30393
30400
30470
30570
30663
30675
30767
30835
30840
30873
30899
30916
30922
30943
31161
31163
31175
31315
31406
31416
31461
31472
31493
31519
31529
31574
31599
31609
31635
31861
31920
31977
32007
32041
32074
32100
32171
32176
32240
32281
32289
32338
32361
32372
32392
32395
32485
32498
32505
32515
32534
32636
32674
32722
32723
32727
32750
