10000
17
21
23
27
28
30
33
35
37
42
48
49
55
55
63
71
74
76
79
82
84
85
92
92
92
96
99
100
104
112
115
116
119
123
126
132
141
150
152
153
166
169
170
172
172
174
174
176
182
182
187
188
194
195
200
212
217
232
239
244
248
251
251
252
255
257
257
259
272
274
276
287
287
288
294
294
297
297
304
305
306
307
312
313
328
331
332
334
335
335
337
340
341
341
343
343
349
351
351
352
356
359
361
367
372
374
378
378
382
386
388
393
405
409
409
413
420
421
424
424
424
425
427
428
429
432
434
434
435
435
435
437
439
444
444
445
446
448
449
453
454
466
472
473
475
477
479
488
492
497
498
501
508
509
512
514
516
518
518
525
527
533
533
533
540
544
551
552
554
556
556
557
560
560
571
571
579
580
586
587
592
604
608
611
616
617
618
621
621
624
629
631
633
639
639
648
649
650
651
652
654
657
660
660
660
662
665
673
679
682
682
685
688
690
691
694
697
701
705
705
706
706
709
710
711
711
715
717
719
722
724
725
728
729
733
733
734
738
746
749
750
753
756
757
757
758
768
774
774
776
785
789
789
789
790
791
794
804
809
810
820
822
824
825
825
827
828
836
836
837
841
843
846
847
851
853
858
859
862
869
869
871
871
873
883
886
891
899
901
905
907
909
909
910
913
919
919
925
928
929
934
939
941
943
950
951
958
961
965
973
977
984
989
1001
1004
1006
1009
1011
1015
1019
1026
1029
1036
1039
1050
1051
1054
1058
1065
1066
1066
1071
1077
1077
1086
1090
1093
1099
1100
1102
1107
1109
1114
1121
1122
1123
1124
1126
1129
1131
1136
1139
1140
1151
1154
1156
1156
1159
1163
1165
1169
1169
1176
1182
1185
1195
1201
1201
1202
1203
1203
1204
1206
1207
1207
1210
1213
1223
1228
1238
1239
1244
1248
1250
1250
1251
1253
1254
1255
1258
1260
1264
1265
1270
1270
1272
1278
1279
1281
1282
1284
1285
1290
1304
1307
1316
1316
1322
1325
1328
1333
1336
1336
1336
1343
1344
1345
1347
1356
1366
1373
1375
1382
1384
1390
1391
1394
1395
1397
1398
1398
1398
1402
1407
1409
1415
1417
1418
1425
1428
1430
1433
1434
1439
1441
1442
1443
1443
1445
1449
1452
1455
1457
1463
1467
1467
1467
1468
1472
1476
1484
1486
1486
1488
1489
1490
1496
1502
1503
1504
1508
1509
1512
1516
1521
1526
1527
1529
1530
1536
1537
1540
1546
1547
1550
1552
1560
1563
1569
1572
1577
1581
1581
1584
1588
1591
1595
1595
1600
1601
1603
1607
1608
1612
1618
1618
1630
1632
1637
1639
1649
1650
1654
1656
1656
1658
1659
1662
1664
1664
1670
1670
1674
1680
1685
1694
1695
1697
1708
1713
1715
1716
1717
1720
1729
1739
1741
1747
1752
1755
1760
1763
1763
1763
1772
1772
1776
1779
1785
1789
1790
1798
1802
1803
1808
1810
1820
1824
1826
1827
1827
1829
1833
1843
1846
1850
1851
1851
1857
1863
1865
1870
1873
1881
1889
1893
1897
1900
1901
1909
1910
1915
1924
1933
1943
1946
1947
1950
1950
1955
1960
1963
1974
1976
1977
1981
1982
1984
1986
1990
1996
2000
2003
2008
2014
2024
2027
2028
2028
2029
2032
2039
2039
2041
2042
2047
2053
2062
2067
2070
2074
2080
2080
2086
2088
2089
2091
2092
2092
2093
2094
2095
2097
2099
2100
2101
2102
2103
2111
2118
2122
2124
2126
2133
2134
2137
2139
2142
2145
2146
2150
2153
2156
2163
2164
2166
2175
2180
2180
2180
2180
2190
2191
2198
2200
2200
2204
2205
2208
2216
2219
2220
2222
2223
2230
2232
2234
2236
2238
2240
2246
2247
2252
2255
2257
2259
2260
2262
2267
2277
2277
2287
2289
2298
2298
2302
2302
2304
2311
2314
2315
2317
2318
2324
2325
2328
2329
2330
2331
2331
2331
2335
2337
2341
2341
2351
2351
2352
2356
2360
2361
2362
2371
2376
2381
2384
2384
2392
2395
2400
2402
2405
2413
2415
2421
2428
2428
2429
2432
2432
2434
2439
2441
2442
2452
2466
2466
2468
2469
2475
2478
2480
2482
2486
2488
2489
2491
2495
2496
2499
2499
2500
2501
2503
2506
2508
2511
2512
2516
2522
2529
2532
2532
2537
2537
2543
2544
2544
2546
2546
2555
2558
2567
2568
2569
2572
2573
2574
2583
2584
2584
2591
2594
2596
2600
2601
2601
2608
2608
2608
2613
2614
2621
2622
2623
2627
2633
2633
2637
2638
2640
2643
2644
2644
2657
2660
2667
2668
2668
2669
2673
2674
2674
2680
2686
2691
2702
2702
2704
2704
2705
2706
2706
2706
2712
2713
2713
2714
2718
2719
2720
2721
2722
2723
2728
2733
2734
2736
2741
2742
2746
2751
2754
2763
2770
2772
2774
2775
2780
2784
2784
2802
2806
2806
2809
2812
2816
2817
2817
2828
2832
2832
2843
2844
2845
2847
2850
2856
2860
2862
2867
2868
2879
2880
2883
2886
2889
2892
2894
2901
2903
2903
2906
2907
2909
2914
2920
2924
2924
2924
2928
2929
2930
2931
2933
2934
2940
2947
2949
2959
2961
2961
2962
2964
2966
2968
2979
2982
2987
2989
2995
2995
2995
2996
2999
2999
3000
3001
3004
3006
3007
3007
3007
3008
3009
3012
3019
3022
3024
3024
3028
3034
3037
3043
3045
3046
3046
3048
3051
3069
3073
3076
3079
3081
3085
3087
3087
3090
3092
3098
3104
3110
3114
3117
3118
3124
3124
3127
3127
3129
3135
3138
3139
3139
3140
3143
3143
3145
3145
3150
3153
3153
3155
3158
3158
3158
3160
3166
3176
3183
3183
3190
3193
3199
3199
3200
3201
3201
3205
3209
3210
3212
3217
3218
3222
3224
3226
3226
3232
3235
3237
3239
3242
3248
3250
3253
3262
3268
3289
3290
3291
3293
3297
3301
3304
3307
3312
3314
3325
3330
3330
3331
3333
3334
3340
3341
3343
3344
3346
3350
3351
3353
3354
3361
3362
3375
3375
3375
3376
3376
3380
3380
3383
3385
3386
3392
3402
3403
3405
3412
3414
3419
3427
3430
3431
3434
3442
3445
3446
3452
3455
3455
3457
3457
3459
3462
3463
3465
3465
3466
3471
3475
3476
3477
3479
3481
3488
3494
3494
3496
3499
3501
3504
3510
3512
3514
3515
3518
3524
3524
3525
3528
3529
3530
3532
3534
3539
3540
3541
3548
3550
3555
3558
3560
3561
3564
3571
3572
3576
3577
3583
3583
3586
3587
3594
3597
3598
3606
3614
3614
3617
3618
3623
3624
3626
3631
3634
3638
3641
3642
3643
3649
3649
3651
3656
3669
3669
3670
3673
3674
3680
3685
3685
3687
3689
3693
3696
3699
3700
3701
3704
3707
3707
3710
3717
3719
3722
3723
3724
3726
3726
3726
3730
3742
3744
3744
3746
3749
3758
3764
3767
3769
3777
3782
3783
3789
3791
3796
3796
3807
3814
3815
3816
3817
3817
3817
3819
3820
3823
3829
3834
3846
3848
3855
3857
3862
3862
3865
3875
3876
3878
3878
3887
3891
3891
3892
3893
3896
3898
3900
3901
3903
3914
3915
3916
3918
3923
3924
3927
3928
3934
3937
3937
3946
3948
3950
3954
3955
3969
3974
3974
3975
3988
3989
3993
3998
4010
4016
4017
4018
4025
4025
4028
4030
4031
4032
4034
4036
4040
4041
4043
4044
4052
4056
4059
4061
4065
4072
4072
4074
4078
4081
4084
4089
4095
4105
4107
4108
4108
4109
4109
4123
4132
4133
4135
4147
4148
4154
4158
4162
4165
4167
4170
4177
4178
4179
4182
4186
4197
4200
4202
4204
4206
4209
4211
4212
4216
4227
4229
4231
4238
4240
4243
4245
4253
4255
4255
4267
4272
4273
4274
4281
4286
4286
4287
4287
4288
4299
4303
4304
4308
4309
4311
4316
4317
4317
4321
4322
4324
4328
4329
4330
4333
4341
4342
4343
4345
4357
4358
4364
4364
4368
4375
4376
4384
4388
4393
4393
4394
4402
4404
4405
4407
4419
4419
4419
4420
4421
4421
4427
4433
4435
4436
4441
4442
4448
4449
4450
4451
4453
4456
4456
4458
4459
4460
4461
4467
4470
4476
4479
4481
4489
4490
4505
4506
4515
4516
4519
4520
4521
4522
4524
4524
4531
4544
4549
4555
4555
4557
4557
4559
4562
4566
4567
4571
4571
4578
4579
4581
4584
4587
4594
4595
4597
4610
4611
4613
4629
4630
4632
4634
4634
4638
4638
4638
4639
4645
4647
4654
4661
4662
4665
4685
4686
4691
4693
4694
4695
4698
4700
4700
4701
4710
4712
4728
4734
4738
4738
4739
4741
4741
4744
4744
4749
4752
4754
4755
4758
4760
4768
4770
4770
4778
4784
4790
4796
4798
4811
4814
4817
4821
4835
4859
4861
4864
4864
4865
4870
4874
4877
4879
4882
4888
4893
4893
4894
4897
4898
4903
4906
4907
4914
4916
4919
4922
4925
4928
4936
4941
4944
4947
4947
4953
4953
4963
4963
4965
4967
4971
4974
4974
4975
4980
4981
4983
4985
4988
4997
5002
5007
5008
5009
5011
5012
5014
5014
5018
5025
5026
5029
5029
5032
5033
5035
5040
5040
5046
5049
5052
5053
5056
5057
5067
5068
5076
5082
5083
5085
5086
5090
5095
5096
5103
5105
5106
5106
5106
5107
5107
5113
5115
5125
5125
5126
5132
5132
5136
5136
5136
5136
5140
5152
5152
5154
5158
5161
5162
5171
5173
5188
5190
5192
5192
5195
5197
5205
5206
5212
5222
5225
5228
5232
5234
5238
5241
5244
5246
5248
5248
5252
5253
5258
5262
5263
5270
5271
5271
5281
5282
5282
5283
5287
5291
5296
5303
5310
5316
5322
5326
5332
5334
5335
5336
5339
5339
5340
5340
5341
5343
5348
5349
5349
5352
5358
5360
5362
5367
5372
5375
5381
5383
5384
5385
5387
5389
5393
5397
5400
5401
5401
5404
5408
5411
5422
5432
5433
5434
5435
5440
5441
5445
5445
5449
5451
5453
5455
5461
5463
5466
5468
5469
5471
5471
5476
5477
5478
5479
5481
5486
5490
5493
5494
5500
5501
5504
5509
5513
5515
5517
5519
5521
5522
5522
5523
5524
5528
5532
5535
5541
5543
5544
5549
5549
5554
5554
5556
5561
5568
5571
5571
5574
5585
5589
5590
5590
5591
5594
5594
5594
5595
5600
5602
5602
5604
5605
5608
5609
5612
5613
5614
5619
5621
5625
5625
5627
5627
5636
5636
5639
5639
5639
5641
5644
5648
5649
5651
5651
5660
5666
5668
5669
5671
5674
5677
5678
5679
5681
5685
5686
5696
5703
5706
5707
5714
5717
5717
5717
5718
5718
5718
5724
5730
5736
5737
5741
5743
5744
5753
5758
5761
5765
5765
5773
5774
5784
5792
5797
5797
5800
5803
5809
5812
5813
5821
5823
5824
5828
5831
5832
5834
5840
5842
5843
5844
5848
5855
5865
5867
5876
5878
5878
5881
5883
5885
5885
5889
5889
5894
5896
5900
5903
5907
5908
5919
5928
5956
5961
5963
5965
5967
5971
5974
5976
5981
5983
5991
5992
5993
5994
5998
5998
6000
6009
6013
6013
6014
6025
6028
6034
6035
6038
6040
6043
6044
6044
6046
6047
6050
6054
6057
6070
6071
6072
6075
6078
6081
6081
6082
6083
6084
6085
6090
6090
6091
6091
6092
6100
6113
6114
6116
6118
6121
6122
6124
6126
6130
6132
6136
6140
6141
6143
6145
6152
6157
6158
6158
6162
6184
6192
6194
6197
6199
6201
6203
6203
6209
6209
6215
6218
6218
6227
6233
6235
6236
6237
6238
6238
6244
6245
6250
6256
6257
6260
6260
6263
6263
6263
6270
6275
6277
6277
6279
6281
6284
6289
6294
6294
6305
6308
6318
6322
6335
6337
6340
6343
6350
6357
6361
6364
6374
6378
6382
6382
6382
6383
6386
6387
6390
6390
6392
6399
6414
6415
6424
6430
6440
6443
6444
6445
6446
6447
6456
6462
6475
6480
6484
6484
6490
6493
6495
6496
6496
6496
6506
6509
6513
6538
6543
6544
6547
6548
6552
6554
6554
6556
6557
6561
6562
6571
6577
6584
6584
6591
6593
6596
6601
6604
6605
6606
6606
6614
6615
6616
6619
6619
6622
6626
6630
6636
6636
6641
6644
6647
6649
6653
6654
6660
6663
6663
6663
6672
6676
6678
6678
6681
6681
6683
6685
6693
6694
6696
6701
6710
6711
6713
6724
6726
6729
6732
6733
6736
6752
6753
6756
6756
6757
6761
6761
6766
6770
6771
6772
6779
6789
6792
6795
6795
6797
6803
6808
6810
6816
6822
6825
6827
6831
6843
6843
6844
6849
6858
6861
6864
6867
6869
6869
6873
6878
6878
6889
6891
6896
6898
6908
6910
6910
6911
6914
6917
6917
6917
6919
6919
6921
6921
6924
6936
6938
6938
6941
6944
6946
6954
6960
6961
6963
6963
6964
6965
6969
6976
6977
6977
6977
6979
6981
6985
6990
6992
6996
7002
7010
7016
7016
7018
7020
7020
7023
7024
7025
7025
7028
7030
7031
7031
7032
7032
7039
7039
7039
7041
7052
7062
7065
7070
7075
7084
7086
7096
7096
7100
7110
7110
7113
7115
7121
7123
7129
7133
7134
7135
7138
7139
7139
7141
7146
7146
7154
7160
7161
7166
7171
7174
7179
7186
7187
7189
7191
7200
7202
7202
7203
7204
7206
7207
7207
7208
7213
7215
7215
7216
7228
7232
7236
7237
7238
7240
7244
7247
7252
7255
7260
7264
7273
7274
7275
7276
7280
7295
7295
7295
7296
7299
7301
7301
7302
7302
7305
7306
7309
7309
7311
7314
7322
7325
7330
7332
7338
7340
7343
7343
7348
7351
7353
7356
7356
7357
7358
7359
7365
7370
7371
7371
7377
7380
7384
7384
7387
7405
7405
7409
7411
7412
7417
7421
7422
7432
7432
7446
7447
7450
7455
7467
7475
7477
7479
7481
7485
7494
7495
7497
7503
7507
7511
7513
7516
7517
7518
7533
7533
7536
7536
7537
7537
7538
7541
7559
7565
7566
7567
7568
7568
7569
7571
7578
7580
7581
7587
7595
7597
7603
7610
7611
7613
7613
7620
7621
7628
7633
7637
7638
7642
7643
7645
7648
7648
7659
7663
7667
7675
7682
7682
7683
7687
7687
7692
7694
7698
7699
7703
7708
7712
7712
7716
7718
7721
7728
7729
7729
7731
7740
7745
7745
7751
7754
7757
7758
7759
7763
7766
7767
7771
7776
7780
7786
7787
7792
7794
7803
7804
7805
7805
7813
7817
7820
7831
7834
7841
7845
7847
7848
7849
7854
7863
7865
7867
7870
7876
7876
7876
7877
7878
7881
7882
7888
7892
7892
7893
7895
7899
7901
7910
7912
7915
7916
7937
7947
7952
7953
7953
7966
7970
7971
7974
7974
7976
7979
7982
7983
7987
7987
7987
7988
7993
7999
8000
8001
8008
8010
8011
8011
8012
8016
8019
8023
8028
8028
8028
8034
8035
8035
8038
8039
8043
8044
8048
8050
8058
8059
8061
8065
8065
8070
8074
8074
8080
8081
8084
8087
8090
8093
8095
8097
8105
8110
8115
8117
8118
8119
8124
8127
8130
8133
8136
8139
8142
8143
8144
8148
8154
8159
8160
8162
8164
8168
8174
8185
8186
8187
8189
8194
8196
8197
8198
8200
8201
8204
8207
8208
8210
8211
8212
8212
8217
8218
8226
8228
8229
8229
8232
8232
8235
8235
8240
8243
8243
8244
8247
8249
8254
8255
8258
8261
8262
8265
8271
8274
8276
8280
8286
8288
8293
8301
8301
8302
8302
8304
8305
8309
8313
8315
8320
8321
8321
8324
8326
8326
8327
8327
8329
8330
8332
8337
8340
8342
8345
8347
8348
8351
8366
8373
8374
8375
8376
8376
8377
8382
8384
8386
8389
8390
8394
8394
8399
8402
8403
8403
8403
8404
8405
8411
8414
8417
8420
8423
8426
8435
8438
8439
8439
8440
8442
8447
8448
8453
8457
8462
8462
8464
8466
8467
8471
8473
8476
8483
8484
8491
8491
8493
8497
8500
8501
8501
8501
8505
8508
8509
8512
8516
8519
8522
8524
8525
8525
8546
8546
8548
8548
8549
8549
8557
8560
8562
8573
8574
8576
8589
8589
8590
8592
8593
8594
8595
8598
8600
8601
8601
8603
8610
8613
8614
8617
8618
8620
8625
8634
8638
8641
8644
8652
8653
8656
8659
8660
8660
8662
8664
8680
8686
8688
8689
8691
8692
8695
8709
8710
8712
8713
8713
8718
8720
8721
8722
8724
8728
8734
8734
8740
8742
8743
8744
8751
8762
8766
8766
8768
8768
8769
8771
8772
8774
8775
8777
8778
8779
8787
8796
8798
8803
8804
8806
8814
8815
8815
8816
8817
8820
8823
8824
8825
8829
8832
8838
8855
8856
8858
8860
8866
8868
8869
8880
8884
8887
8890
8895
8897
8897
8900
8901
8903
8911
8926
8930
8931
8939
8939
8940
8944
8951
8954
8957
8959
8962
8964
8965
8966
8968
8969
8979
8983
8986
8986
8991
8993
8994
9001
9002
9015
9018
9020
9029
9029
9030
9030
9034
9042
9044
9046
9048
9053
9054
9054
9054
9058
9060
9062
9066
9070
9071
9071
9076
9078
9081
9083
9085
9087
9088
9092
9093
9098
9099
9099
9100
9100
9101
9103
9105
9106
9109
9110
9111
9113
9114
9115
9118
9125
9126
9128
9130
9132
9137
9144
9144
9145
9161
9164
9165
9168
9171
9174
9180
9183
9185
9187
9191
9193
9200
9203
9204
9205
9208
9213
9213
9213
9217
9223
9227
9228
9230
9234
9235
9239
9244
9244
9248
9250
9256
9257
9260
9260
9263
9264
9268
9268
9268
9270
9271
9277
9281
9292
9294
9295
9297
9302
9314
9320
9322
9323
9328
9343
9346
9352
9353
9353
9361
9369
9374
9375
9378
9380
9382
9383
9386
9391
9392
9402
9412
9413
9415
9416
9416
9417
9418
9418
9420
9420
9424
9425
9425
9427
9434
9434
9435
9436
9440
9441
9443
9443
9443
9446
9448
9458
9458
9458
9458
9463
9467
9469
9477
9490
9497
9499
9504
9508
9509
9509
9511
9512
9513
9516
9516
9519
9525
9526
9528
9536
9540
9546
9546
9548
9551
9551
9552
9553
9554
9563
9572
9574
9578
9580
9582
9584
9586
9590
9595
9597
9600
9600
9600
9601
9602
9606
9612
9621
9622
9624
9628
9629
9640
9643
9651
9656
9662
9666
9666
9668
9670
9672
9682
9687
9699
9700
9702
9703
9706
9707
9708
9709
9710
9712
9715
9717
9722
9724
9725
9727
9727
9733
9734
9739
9741
9745
9749
9750
9762
9766
9768
9769
9769
9772
9773
9773
9773
9779
9780
9783
9790
9798
9799
9802
9809
9810
9812
9816
9818
9820
9827
9828
9830
9830
9834
9837
9837
9842
9842
9845
9851
9857
9859
9866
9867
9871
9872
9872
9878
9878
9879
9883
9885
9890
9890
9892
9895
9897
9901
9903
9915
9916
9919
9921
9934
9938
9940
9940
9942
9943
9945
9945
9946
9958
9958
9961
9962
9962
9962
9964
9981
9981
9985
9989
9990
9996
9996
10003
10012
10018
10018
10024
10024
10037
10041
10042
10048
10050
10058
10067
10071
10071
10073
10076
10085
10088
10096
10097
10100
10101
10102
10103
10104
10110
10120
10121
10123
10127
10131
10132
10137
10144
10147
10150
10151
10154
10155
10155
10158
10161
10162
10164
10181
10182
10184
10190
10192
10195
10197
10198
10206
10207
10208
10219
10224
10225
10230
10232
10236
10239
10241
10243
10247
10249
10249
10251
10255
10256
10258
10260
10269
10273
10274
10275
10281
10285
10297
10298
10301
10302
10303
10305
10306
10311
10319
10323
10325
10326
10331
10332
10332
10334
10343
10346
10349
10352
10359
10362
10371
10379
10380
10380
10382
10385
10398
10400
10403
10413
10420
10420
10423
10425
10427
10430
10433
10436
10439
10442
10444
10455
10463
10468
10471
10474
10475
10478
10479
10491
10492
10497
10505
10507
10508
10516
10519
10525
10526
10531
10534
10534
10535
10538
10541
10543
10544
10544
10544
10546
10550
10552
10563
10564
10566
10567
10573
10583
10584
10585
10587
10589
10591
10593
10595
10598
10604
10604
10604
10614
10619
10623
10625
10630
10631
10632
10637
10637
10637
10643
10649
10652
10659
10663
10666
10671
10675
10675
10676
10677
10677
10694
10701
10701
10704
10707
10708
10709
10710
10712
10715
10715
10726
10728
10728
10731
10737
10741
10752
10754
10754
10754
10768
10772
10785
10791
10801
10805
10810
10817
10822
10824
10829
10832
10835
10837
10856
10862
10867
10870
10874
10875
10877
10877
10878
10886
10892
10895
10899
10908
10909
10909
10914
10923
10924
10927
10938
10938
10944
10946
10949
10951
10954
10955
10956
10959
10960
10962
10962
10962
10969
10970
10975
10977
10979
10987
10988
10994
10996
10997
11009
11015
11023
11032
11035
11036
11036
11038
11039
11039
11041
11047
11049
11053
11058
11061
11063
11065
11066
11076
11076
11077
11084
11089
11093
11096
11098
11099
11100
11103
11107
11109
11111
11115
11115
11118
11123
11125
11127
11129
11133
11137
11138
11140
11149
11153
11155
11159
11165
11167
11177
11178
11180
11185
11187
11187
11188
11188
11190
11195
11197
11198
11198
11199
11201
11202
11204
11207
11219
11220
11225
11232
11233
11241
11241
11243
11252
11254
11255
11263
11266
11268
11273
11274
11275
11276
11277
11277
11279
11281
11283
11290
11297
11303
11311
11312
11313
11326
11329
11330
11330
11331
11337
11340
11365
11373
11374
11381
11384
11385
11389
11389
11393
11394
11397
11397
11400
11405
11405
11410
11410
11411
11427
11430
11431
11432
11434
11448
11459
11461
11463
11466
11468
11468
11476
11477
11481
11488
11491
11493
11505
11509
11515
11521
11525
11528
11530
11531
11532
11534
11537
11542
11543
11549
11553
11557
11567
11573
11573
11578
11579
11580
11581
11581
11584
11586
11586
11595
11599
11602
11604
11604
11606
11610
11611
11617
11619
11619
11620
11621
11622
11639
11640
11644
11645
11649
11651
11661
11663
11665
11669
11671
11673
11676
11676
11686
11695
11696
11697
11700
11701
11704
11705
11708
11709
11714
11716
11717
11717
11721
11721
11722
11724
11726
11727
11732
11735
11737
11741
11741
11750
11750
11750
11751
11751
11760
11765
11767
11768
11770
11773
11780
11780
11786
11789
11793
11797
11800
11800
11803
11804
11809
11817
11819
11823
11831
11839
11840
11845
11847
11849
11852
11853
11861
11864
11865
11867
11867
11879
11889
11890
11894
11902
11906
11911
11912
11920
11921
11922
11928
11929
11930
11930
11930
11933
11940
11940
11941
11942
11945
11954
11955
11956
11956
11957
11959
11972
11977
11982
11984
11985
11989
11989
11994
11996
12000
12001
12002
12005
12014
12020
12022
12024
12028
12032
12033
12034
12036
12041
12042
12051
12053
12054
12055
12057
12061
12066
12072
12072
12073
12074
12074
12077
12082
12083
12084
12085
12090
12090
12091
12093
12094
12096
12098
12098
12099
12101
12101
12102
12103
12103
12113
12119
12119
12120
12124
12125
12128
12129
12129
12133
12133
12135
12137
12138
12138
12141
12142
12146
12146
12147
12148
12151
12152
12158
12159
12163
12164
12164
12165
12165
12165
12169
12171
12173
12181
12185
12194
12206
12212
12222
12227
12232
12232
12232
12233
12237
12240
12240
12242
12243
12260
12263
12269
12271
12274
12274
12280
12285
12287
12289
12292
12293
12294
12297
12298
12302
12314
12315
12316
12321
12322
12329
12329
12331
12340
12341
12344
12348
12348
12354
12354
12358
12364
12366
12377
12383
12384
12387
12389
12389
12392
12393
12395
12400
12402
12405
12405
12414
12421
12427
12433
12436
12443
12446
12446
12453
12460
12462
12462
12462
12468
12469
12470
12472
12475
12481
12484
12485
12489
12491
12493
12495
12499
12500
12508
12512
12514
12515
12518
12521
12522
12525
12529
12531
12534
12544
12544
12545
12547
12548
12549
12554
12557
12562
12576
12576
12576
12582
12584
12587
12588
12589
12591
12593
12594
12595
12597
12599
12600
12602
12604
12605
12607
12609
12610
12613
12614
12621
12625
12628
12630
12630
12632
12633
12637
12638
12643
12643
12648
12652
12652
12656
12660
12664
12671
12673
12674
12681
12683
12695
12697
12698
12700
12704
12707
12709
12713
12714
12715
12717
12726
12728
12729
12730
12730
12738
12739
12742
12743
12747
12751
12757
12758
12761
12770
12770
12771
12775
12779
12781
12782
12787
12787
12793
12793
12795
12800
12802
12803
12809
12811
12812
12813
12816
12816
12824
12832
12832
12837
12837
12839
12843
12844
12846
12847
12849
12852
12861
12861
12862
12862
12868
12868
12872
12873
12880
12887
12888
12891
12897
12897
12902
12903
12903
12907
12908
12914
12915
12918
12921
12922
12926
12926
12926
12930
12933
12938
12939
12947
12954
12955
12962
12963
12969
12972
12974
12975
12984
12986
12988
12989
12991
12992
12995
13006
13007
13011
13013
13014
13016
13016
13019
13021
13022
13025
13025
13029
13035
13037
13037
13040
13043
13043
13048
13053
13058
13058
13061
13062
13072
13078
13079
13082
13082
13087
13092
13093
13094
13099
13106
13108
13113
13114
13115
13125
13127
13132
13135
13137
13144
13147
13158
13158
13162
13165
13170
13172
13173
13176
13182
13189
13194
13194
13197
13203
13206
13211
13211
13217
13217
13222
13223
13230
13232
13239
13240
13244
13250
13250
13257
13257
13259
13260
13264
13271
13273
13274
13277
13279
13280
13281
13281
13282
13284
13298
13298
13305
13310
13316
13317
13318
13319
13322
13329
13332
13334
13334
13338
13349
13350
13350
13365
13374
13378
13382
13382
13384
13385
13387
13392
13394
13397
13397
13399
13404
13405
13406
13409
13415
13418
13425
13430
13431
13434
13435
13438
13444
13444
13445
13449
13453
13454
13456
13457
13462
13466
13479
13481
13481
13487
13492
13500
13500
13502
13503
13506
13517
13518
13524
13529
13529
13530
13534
13535
13541
13544
13555
13556
13562
13565
13565
13567
13571
13573
13574
13576
13583
13585
13586
13590
13592
13596
13604
13606
13608
13611
13612
13614
13624
13628
13631
13632
13639
13641
13641
13642
13653
13654
13659
13663
13670
13670
13680
13684
13686
13689
13693
13693
13696
13697
13699
13703
13703
13704
13708
13709
13709
13710
13726
13726
13730
13733
13738
13743
13744
13747
13756
13763
13766
13767
13767
13767
13770
13770
13773
13774
13777
13777
13779
13779
13779
13786
13795
13795
13804
13807
13814
13817
13819
13822
13822
13828
13829
13829
13830
13831
13831
13832
13832
13834
13851
13855
13857
13862
13865
13867
13867
13873
13876
13878
13879
13882
13884
13892
13892
13902
13903
13903
13907
13913
13916
13917
13922
13925
13927
13929
13930
13935
13935
13937
13940
13944
13948
13949
13957
13959
13966
13967
13976
13977
13978
13981
13983
13985
13993
13996
13999
14003
14011
14012
14014
14015
14015
14017
14021
14026
14028
14030
14033
14036
14036
14036
14040
14040
14045
14049
14065
14067
14067
14071
14071
14080
14083
14084
14087
14104
14105
14106
14110
14110
14112
14113
14115
14117
14120
14123
14135
14135
14143
14145
14145
14146
14147
14151
14152
14156
14161
14163
14170
14178
14179
14182
14186
14190
14191
14196
14196
14198
14204
14211
14215
14227
14232
14233
14234
14236
14237
14238
14238
14243
14246
14249
14249
14250
14253
14256
14259
14260
14263
14263
14266
14275
14278
14279
14291
14293
14296
14299
14302
14304
14307
14311
14313
14315
14317
14320
14324
14327
14333
14342
14357
14357
14362
14376
14376
14379
14389
14393
14398
14401
14406
14407
14411
14412
14417
14419
14420
14431
14431
14432
14432
14436
14439
14442
14442
14442
14451
14451
14454
14456
14457
14465
14471
14473
14474
14478
14479
14481
14487
14491
14491
14494
14496
14500
14502
14504
14506
14511
14511
14512
14513
14515
14527
14528
14529
14540
14544
14547
14549
14555
14560
14562
14562
14562
14566
14580
14585
14586
14590
14594
14609
14612
14612
14615
14616
14623
14627
14628
14631
14634
14635
14636
14638
14642
14643
14649
14658
14662
14664
14669
14669
14671
14672
14674
14678
14682
14692
14695
14705
14710
14712
14721
14722
14723
14725
14731
14732
14735
14736
14737
14737
14738
14741
14746
14748
14755
14758
14767
14769
14770
14771
14772
14773
14775
14776
14779
14783
14786
14787
14788
14789
14789
14791
14792
14793
14797
14802
14815
14816
14826
14827
14830
14833
14833
14834
14840
14840
14844
14844
14845
14846
14846
14848
14849
14849
14850
14851
14854
14857
14857
14861
14864
14870
14874
14877
14878
14883
14883
14887
14888
14893
14894
14895
14901
14901
14902
14907
14915
14923
14924
14926
14935
14936
14941
14946
14949
14950
14952
14954
14959
14961
14962
14965
14966
14970
14970
14970
14972
14975
14979
14986
14987
14988
14989
14991
14996
15000
15000
15000
15003
15007
15008
15009
15009
15014
15021
15027
15030
15042
15042
15045
15049
15049
15056
15066
15073
15083
15083
15087
15089
15093
15105
15106
15110
15113
15118
15118
15122
15134
15135
15139
15139
15142
15146
15148
15149
15156
15161
15161
15168
15169
15170
15173
15175
15178
15183
15184
15192
15201
15201
15202
15208
15210
15212
15213
15214
15216
15216
15220
15221
15222
15223
15223
15225
15235
15243
15244
15252
15256
15262
15262
15264
15264
15267
15273
15275
15277
15277
15279
15285
15286
15287
15288
15289
15295
15296
15302
15304
15304
15306
15315
15340
15341
15347
15350
15350
15351
15352
15354
15359
15369
15376
15379
15380
15383
15386
15387
15393
15404
15404
15407
15408
15411
15416
15423
15424
15426
15426
15428
15429
15429
15430
15432
15433
15434
15436
15441
15441
15442
15443
15450
15451
15451
15451
15452
15453
15454
15458
15461
15466
15468
15469
15472
15472
15473
15473
15475
15475
15475
15476
15479
15483
15495
15495
15496
15497
15520
15525
15526
15527
15527
15537
15540
15541
15548
15552
15552
15553
15559
15561
15564
15569
15569
15570
15577
15582
15583
15585
15586
15586
15588
15591
15595
15595
15597
15597
15601
15607
15609
15617
15618
15619
15620
15623
15629
15632
15633
15636
15639
15641
15645
15647
15652
15654
15654
15661
15662
15668
15671
15678
15683
15688
15691
15700
15702
15709
15710
15710
15715
15720
15720
15726
15730
15733
15733
15734
15735
15737
15739
15740
15756
15759
15759
15760
15764
15768
15769
15780
15780
15781
15782
15790
15790
15808
15809
15811
15813
15815
15817
15817
15821
15823
15824
15825
15829
15834
15835
15835
15842
15843
15843
15845
15851
15852
15858
15867
15867
15867
15869
15871
15892
15901
15902
15907
15907
15909
15910
15911
15911
15911
15915
15921
15923
15923
15924
15926
15938
15941
15945
15949
15949
15952
15957
15959
15969
15983
15984
15985
15993
15994
15996
16007
16008
16010
16012
16016
16017
16018
16020
16027
16027
16031
16033
16042
16043
16047
16048
16052
16059
16069
16070
16075
16075
16081
16084
16084
16085
16089
16091
16092
16095
16097
16104
16107
16113
16114
16116
16117
16118
16121
16126
16126
16130
16133
16141
16142
16143
16144
16145
16146
16146
16149
16150
16151
16153
16155
16155
16160
16161
16161
16162
16165
16166
16168
16176
16180
16183
16186
16186
16187
16189
16189
16191
16193
16196
16199
16203
16204
16208
16213
16219
16221
16224
16224
16225
16226
16227
16233
16241
16241
16243
16243
16245
16246
16254
16260
16265
16265
16266
16266
16267
16267
16269
16269
16269
16270
16274
16274
16277
16278
16278
16281
16283
16286
16302
16302
16304
16306
16314
16315
16317
16324
16328
16335
16340
16344
16345
16352
16354
16355
16360
16366
16372
16376
16381
16382
16384
16384
16387
16389
16389
16397
16399
16404
16405
16408
16408
16412
16424
16425
16426
16427
16431
16431
16432
16434
16437
16443
16445
16448
16448
16454
16464
16465
16467
16472
16474
16482
16483
16486
16487
16487
16490
16495
16501
16503
16506
16511
16514
16516
16524
16531
16537
16542
16543
16548
16558
16560
16564
16565
16567
16573
16581
16583
16585
16587
16588
16600
16605
16606
16612
16616
16617
16621
16622
16628
16635
16638
16643
16647
16654
16654
16655
16658
16663
16665
16673
16675
16677
16679
16682
16684
16687
16693
16698
16702
16705
16708
16709
16711
16717
16718
16723
16726
16726
16737
16737
16743
16750
16751
16751
16753
16756
16758
16766
16771
16772
16779
16780
16780
16782
16782
16795
16795
16796
16799
16799
16805
16806
16811
16811
16818
16821
16821
16826
16827
16830
16831
16832
16832
16832
16834
16839
16843
16853
16862
16872
16872
16877
16880
16881
16887
16890
16891
16892
16901
16904
16906
16906
16907
16919
16925
16932
16934
16939
16943
16947
16956
16957
16958
16962
16964
16970
16974
16975
16976
16978
16979
16979
16982
16984
16987
16987
16990
16995
17018
17018
17021
17024
17026
17037
17047
17048
17058
17063
17067
17070
17075
17078
17081
17082
17083
17090
17092
17096
17103
17104
17104
17105
17106
17113
17116
17117
17124
17131
17139
17140
17141
17141
17152
17153
17156
17158
17162
17167
17171
17181
17192
17193
17194
17194
17195
17200
17201
17207
17207
17208
17229
17229
17236
17246
17249
17251
17255
17268
17271
17274
17275
17276
17279
17282
17295
17295
17303
17311
17313
17314
17314
17316
17320
17320
17323
17323
17324
17327
17331
17333
17335
17339
17342
17344
17344
17349
17352
17353
17353
17354
17361
17362
17368
17369
17372
17372
17377
17379
17379
17380
17385
17386
17388
17388
17393
17397
17398
17402
17404
17405
17410
17426
17427
17428
17429
17432
17436
17437
17446
17449
17451
17451
17453
17458
17462
17464
17465
17468
17473
17475
17477
17477
17477
17480
17486
17488
17492
17495
17497
17502
17505
17507
17515
17516
17525
17528
17541
17545
17552
17553
17557
17564
17569
17573
17579
17579
17581
17582
17596
17598
17603
17604
17606
17611
17612
17617
17617
17622
17624
17625
17625
17630
17632
17633
17637
17644
17647
17652
17653
17655
17658
17661
17664
17667
17669
17675
17681
17682
17682
17689
17693
17694
17695
17697
17698
17698
17699
17706
17706
17712
17717
17723
17726
17727
17733
17733
17738
17741
17742
17743
17746
17752
17752
17755
17759
17760
17765
17766
17769
17770
17778
17778
17778
17780
17781
17782
17783
17786
17802
17802
17804
17808
17819
17825
17832
17833
17835
17842
17847
17856
17856
17857
17860
17861
17863
17875
17879
17879
17880
17889
17891
17894
17895
17902
17902
17914
17914
17925
17928
17929
17931
17931
17935
17936
17938
17946
17947
17949
17950
17958
17958
17964
17978
17984
17986
17988
17990
17990
17998
18006
18011
18013
18014
18019
18020
18025
18027
18034
18036
18038
18038
18041
18043
18044
18045
18058
18060
18064
18064
18071
18072
18074
18077
18080
18081
18082
18089
18090
18092
18093
18093
18095
18096
18100
18102
18102
18108
18114
18117
18123
18128
18129
18133
18133
18150
18161
18162
18163
18163
18164
18164
18164
18167
18169
18171
18172
18174
18186
18194
18196
18202
18209
18212
18214
18217
18219
18227
18228
18238
18242
18242
18243
18256
18258
18258
18275
18280
18283
18284
18284
18292
18293
18294
18295
18295
18299
18313
18318
18322
18327
18329
18330
18330
18332
18333
18333
18335
18337
18337
18341
18343
18345
18347
18351
18362
18364
18371
18374
18375
18376
18376
18381
18386
18389
18392
18396
18401
18407
18417
18418
18419
18420
18422
18426
18426
18431
18433
18440
18446
18452
18454
18455
18458
18465
18467
18469
18469
18470
18475
18476
18481
18481
18485
18490
18490
18494
18498
18505
18513
18519
18529
18532
18534
18544
18547
18549
18550
18553
18554
18555
18555
18560
18563
18565
18566
18569
18571
18577
18578
18579
18582
18586
18587
18593
18594
18599
18600
18605
18607
18610
18615
18623
18623
18623
18624
18624
18630
18636
18639
18645
18647
18648
18648
18655
18655
18656
18660
18662
18673
18675
18679
18687
18688
18693
18709
18722
18725
18725
18725
18734
18736
18739
18741
18746
18748
18757
18759
18760
18762
18773
18774
18778
18784
18786
18792
18801
18804
18805
18807
18812
18819
18821
18822
18824
18832
18837
18847
18856
18857
18864
18868
18869
18873
18877
18879
18880
18881
18894
18899
18903
18903
18904
18904
18907
18910
18914
18915
18919
18920
18923
18928
18929
18935
18936
18936
18937
18938
18944
18944
18947
18947
18949
18964
18973
18977
18992
18994
18994
18995
18997
18998
19002
19005
19005
19007
19007
19008
19010
19014
19014
19019
19020
19024
19024
19027
19028
19032
19034
19035
19040
19041
19044
19048
19054
19056
19057
19058
19059
19064
19067
19075
19080
19083
19088
19090
19090
19091
19092
19099
19100
19100
19110
19115
19117
19118
19121
19124
19124
19131
19136
19140
19153
19155
19156
19158
19158
19165
19165
19168
19177
19181
19183
19191
19197
19199
19203
19203
19211
19214
19214
19223
19228
19229
19233
19238
19241
19253
19254
19255
19261
19262
19262
19270
19270
19273
19275
19277
19278
19290
19296
19298
19307
19310
19311
19312
19322
19323
19323
19323
19326
19326
19327
19329
19330
19330
19332
19333
19339
19340
19345
19346
19350
19350
19351
19355
19356
19359
19363
19372
19384
19389
19392
19399
19400
19400
19403
19406
19415
19416
19419
19423
19426
19428
19429
19435
19447
19448
19450
19450
19452
19453
19465
19465
19467
19474
19474
19475
19487
19489
19490
19493
19495
19495
19509
19514
19516
19518
19519
19522
19525
19530
19539
19539
19546
19552
19554
19561
19563
19571
19576
19581
19581
19583
19595
19595
19595
19598
19604
19608
19609
19611
19619
19619
19623
19625
19626
19628
19628
19633
19634
19635
19642
19647
19647
19649
19655
19660
19669
19672
19675
19675
19676
19679
19683
19687
19689
19691
19692
19694
19699
19705
19706
19707
19714
19717
19723
19738
19742
19744
19747
19753
19755
19755
19761
19764
19769
19772
19774
19780
19783
19783
19790
19790
19797
19797
19799
19807
19807
19814
19814
19816
19819
19821
19827
19828
19829
19829
19835
19836
19838
19852
19856
19859
19861
19863
19863
19864
19867
19868
19869
19873
19882
19883
19883
19888
19892
19893
19896
19898
19899
19904
19910
19912
19912
19918
19919
19919
19922
19923
19925
19937
19939
19940
19940
19942
19945
19947
19954
19957
19968
19971
19977
19978
19980
19982
19990
19991
19996
19997
20002
20003
20003
20024
20031
20032
20041
20043
20044
20056
20062
20063
20070
20072
20073
20077
20080
20086
20087
20091
20091
20095
20100
20103
20103
20103
20110
20111
20116
20116
20117
20120
20121
20124
20128
20133
20134
20140
20144
20147
20149
20153
20156
20169
20171
20175
20184
20187
20188
20191
20193
20194
20195
20197
20198
20199
20201
20210
20212
20216
20221
20222
20230
20230
20238
20241
20244
20248
20249
20252
20253
20258
20259
20260
20269
20269
20274
20276
20277
20279
20283
20283
20284
20285
20288
20293
20297
20299
20299
20300
20301
20303
20306
20311
20312
20318
20321
20322
20322
20322
20323
20330
20331
20333
20339
20340
20345
20350
20350
20354
20366
20367
20370
20370
20374
20383
20402
20418
20424
20424
20425
20427
20429
20430
20433
20436
20437
20442
20443
20454
20459
20463
20467
20469
20473
20476
20481
20485
20485
20487
20490
20491
20501
20504
20511
20511
20512
20512
20515
20522
20525
20526
20527
20535
20535
20539
20541
20542
20543
20545
20546
20550
20550
20551
20557
20559
20567
20568
20568
20570
20571
20573
20576
20577
20578
20579
20581
20585
20585
20591
20596
20597
20605
20606
20607
20610
20612
20613
20617
20617
20625
20626
20632
20632
20636
20642
20647
20650
20651
20655
20661
20662
20665
20672
20675
20677
20686
20696
20698
20699
20706
20708
20714
20715
20718
20720
20725
20726
20726
20728
20733
20734
20739
20739
20740
20741
20742
20746
20762
20763
20765
20766
20768
20773
20774
20776
20776
20781
20784
20786
20787
20787
20790
20797
20798
20807
20807
20813
20816
20819
20822
20822
20824
20832
20840
20843
20845
20846
20849
20851
20853
20853
20858
20863
20865
20865
20867
20868
20868
20869
20869
20870
20877
20885
20886
20891
20895
20897
20898
20904
20905
20920
20922
20923
20924
20924
20924
20927
20936
20937
20937
20938
20942
20956
20959
20961
20963
20963
20968
20969
20971
20972
20973
20976
20978
20980
20986
20988
20999
21001
21001
21009
21013
21014
21018
21024
21025
21026
21029
21032
21032
21034
21035
21037
21038
21039
21043
21045
21053
21055
21063
21064
21065
21070
21076
21080
21084
21084
21091
21099
21109
21111
21115
21117
21119
21120
21122
21124
21125
21128
21133
21136
21140
21141
21144
21147
21151
21154
21162
21169
21178
21179
21184
21185
21193
21195
21195
21196
21196
21198
21208
21209
21210
21213
21214
21214
21221
21228
21236
21239
21240
21240
21242
21247
21253
21256
21258
21264
21273
21274
21276
21280
21286
21287
21291
21300
21305
21312
21314
21316
21320
21327
21331
21332
21343
21346
21352
21352
21353
21358
21362
21363
21364
21366
21368
21369
21373
21375
21377
21383
21384
21393
21400
21410
21410
21410
21412
21414
21416
21416
21417
21417
21419
21419
21420
21423
21426
21433
21435
21436
21438
21453
21454
21456
21461
21476
21494
21501
21504
21506
21508
21509
21522
21527
21528
21529
21535
21536
21537
21537
21538
21543
21543
21544
21544
21546
21549
21558
21559
21562
21564
21566
21570
21575
21579
21581
21582
21583
21588
21589
21590
21591
21593
21597
21598
21598
21599
21603
21606
21606
21610
21611
21612
21620
21621
21623
21629
21630
21642
21649
21649
21649
21654
21654
21658
21659
21660
21663
21667
21669
21671
21672
21673
21679
21679
21681
21686
21690
21698
21699
21700
21705
21705
21707
21714
21717
21717
21720
21726
21731
21743
21745
21746
21749
21758
21759
21764
21771
21772
21784
21801
21805
21805
21808
21808
21813
21815
21817
21817
21818
21818
21820
21822
21825
21830
21834
21840
21842
21843
21843
21849
21854
21856
21858
21864
21867
21871
21874
21875
21879
21893
21901
21903
21908
21913
21914
21916
21918
21920
21920
21926
21930
21930
21932
21933
21934
21934
21937
21938
21939
21940
21945
21948
21952
21953
21966
21967
21970
21974
21980
21981
21983
21985
21990
21994
21994
22004
22005
22012
22025
22031
22035
22041
22050
22067
22068
22069
22070
22071
22071
22072
22074
22080
22080
22082
22084
22085
22088
22091
22091
22097
22098
22098
22105
22105
22112
22113
22116
22120
22120
22122
22128
22132
22145
22146
22147
22148
22151
22153
22153
22161
22164
22167
22167
22195
22197
22198
22198
22198
22202
22203
22203
22204
22206
22207
22208
22213
22221
22228
22230
22232
22237
22239
22239
22240
22246
22249
22251
22262
22274
22279
22281
22286
22294
22295
22296
22297
22298
22302
22303
22306
22307
22307
22314
22320
22323
22326
22328
22333
22334
22335
22336
22336
22338
22342
22345
22350
22351
22352
22354
22354
22357
22368
22376
22385
22398
22399
22401
22401
22404
22405
22407
22413
22414
22421
22423
22424
22425
22426
22426
22432
22432
22440
22440
22440
22444
22448
22454
22461
22463
22466
22467
22471
22479
22484
22496
22502
22508
22509
22511
22512
22519
22523
22523
22524
22525
22530
22532
22539
22542
22547
22547
22555
22556
22558
22560
22563
22566
22580
22580
22586
22588
22588
22591
22591
22592
22594
22599
22602
22605
22606
22607
22613
22614
22615
22617
22619
22628
22638
22641
22646
22651
22654
22657
22659
22662
22666
22667
22668
22671
22674
22675
22679
22680
22685
22688
22693
22698
22702
22706
22707
22709
22709
22709
22714
22714
22715
22718
22719
22722
22728
22734
22736
22738
22740
22742
22743
22744
22747
22750
22752
22755
22763
22763
22763
22764
22765
22766
22770
22771
22772
22776
22777
22781
22786
22791
22791
22796
22799
22799
22803
22805
22805
22810
22811
22816
22817
22827
22829
22830
22831
22831
22834
22835
22839
22839
22840
22848
22849
22851
22851
22852
22852
22855
22855
22858
22860
22864
22864
22864
22865
22867
22874
22881
22889
22889
22890
22890
22892
22894
22894
22897
22902
22909
22914
22914
22925
22925
22927
22935
22935
22938
22941
22947
22947
22954
22955
22959
22968
22971
22973
22973
22976
22977
22978
22983
22984
22988
22989
22991
22993
22993
22999
23001
23002
23003
23012
23017
23024
23025
23025
23026
23028
23029
23032
23034
23038
23040
23044
23045
23049
23050
23057
23057
23064
23065
23065
23091
23095
23098
23100
23103
23111
23112
23114
23125
23126
23127
23128
23134
23134
23135
23144
23148
23148
23151
23154
23155
23158
23162
23171
23183
23183
23188
23192
23198
23201
23205
23209
23210
23211
23212
23218
23220
23221
23221
23226
23227
23228
23229
23230
23235
23238
23242
23249
23253
23253
23255
23258
23264
23265
23271
23275
23283
23285
23288
23289
23294
23294
23298
23303
23308
23314
23317
23322
23329
23330
23337
23338
23344
23347
23348
23350
23357
23365
23365
23369
23369
23369
23370
23373
23374
23382
23388
23394
23400
23403
23406
23412
23416
23417
23417
23424
23431
23433
23438
23441
23443
23447
23456
23458
23460
23463
23463
23465
23466
23467
23469
23471
23480
23484
23491
23495
23500
23506
23511
23514
23516
23519
23521
23523
23524
23541
23542
23548
23554
23556
23557
23558
23564
23566
23572
23576
23581
23583
23586
23589
23589
23600
23600
23601
23601
23601
23603
23605
23606
23607
23608
23609
23611
23612
23614
23619
23622
23622
23622
23623
23627
23629
23630
23632
23633
23639
23645
23656
23667
23668
23669
23670
23670
23677
23683
23683
23688
23688
23695
23696
23700
23707
23707
23710
23711
23711
23714
23720
23725
23725
23732
23735
23735
23737
23738
23742
23745
23749
23749
23749
23759
23763
23764
23764
23770
23778
23778
23784
23788
23794
23795
23796
23804
23805
23808
23809
23809
23813
23813
23816
23816
23819
23820
23825
23840
23843
23844
23844
23847
23857
23861
23865
23869
23872
23872
23878
23885
23887
23887
23891
23891
23895
23900
23902
23905
23906
23912
23930
23934
23937
23938
23942
23943
23946
23952
23955
23964
23966
23971
23980
23988
23992
23993
24003
24004
24005
24005
24007
24009
24015
24023
24026
24027
24028
24029
24031
24037
24038
24043
24053
24054
24054
24055
24055
24059
24060
24067
24069
24073
24077
24078
24086
24091
24091
24094
24101
24103
24113
24119
24120
24124
24126
24135
24137
24137
24138
24138
24142
24147
24147
24151
24154
24155
24157
24161
24164
24169
24174
24184
24185
24187
24187
24189
24199
24200
24206
24213
24216
24219
24225
24226
24228
24229
24234
24235
24237
24245
24246
24252
24256
24257
24258
24263
24263
24266
24266
24272
24276
24282
24287
24298
24303
24303
24305
24307
24308
24308
24311
24318
24320
24323
24343
24348
24352
24353
24356
24361
24362
24363
24367
24370
24371
24384
24387
24388
24389
24393
24401
24407
24408
24410
24411
24414
24433
24437
24448
24448
24451
24459
24460
24463
24464
24475
24475
24479
24480
24483
24490
24498
24508
24509
24509
24509
24510
24513
24514
24524
24526
24530
24532
24532
24533
24534
24535
24543
24547
24554
24560
24560
24560
24561
24572
24576
24576
24582
24589
24590
24590
24590
24591
24593
24595
24601
24605
24605
24613
24618
24624
24628
24632
24633
24634
24640
24642
24647
24647
24648
24653
24655
24662
24664
24669
24672
24673
24678
24678
24680
24682
24682
24684
24685
24687
24688
24688
24688
24689
24690
24698
24700
24708
24713
24713
24715
24715
24717
24718
24718
24738
24743
24746
24756
24760
24761
24764
24765
24770
24772
24772
24773
24773
24774
24779
24782
24784
24785
24788
24796
24799
24800
24805
24808
24810
24818
24820
24827
24832
24837
24840
24842
24846
24846
24848
24859
24863
24865
24867
24870
24889
24889
24890
24890
24893
24894
24897
24899
24901
24905
24907
24907
24908
24908
24911
24912
24915
24921
24929
24942
24964
24968
24968
24974
24975
24980
24981
24985
24986
24987
24988
24989
24992
24995
24998
25000
25005
25007
25007
25012
25016
25016
25020
25023
25025
25026
25029
25032
25043
25046
25047
25048
25053
25061
25066
25066
25070
25076
25076
25082
25082
25087
25087
25090
25101
25102
25102
25104
25107
25112
25121
25127
25138
25138
25140
25142
25143
25143
25144
25147
25151
25158
25162
25181
25187
25188
25188
25192
25194
25197
25202
25219
25223
25223
25226
25229
25237
25238
25241
25249
25252
25257
25258
25267
25270
25276
25279
25280
25281
25282
25282
25283
25303
25306
25308
25310
25311
25314
25314
25323
25327
25329
25330
25331
25333
25336
25344
25350
25350
25351
25355
25355
25357
25368
25378
25383
25391
25395
25399
25408
25409
25413
25414
25421
25422
25425
25426
25430
25436
25444
25454
25459
25459
25462
25467
25468
25469
25476
25480
25484
25487
25490
25496
25498
25502
25509
25510
25516
25517
25520
25527
25527
25528
25529
25531
25532
25534
25543
25544
25553
25554
25554
25555
25557
25562
25566
25571
25571
25573
25576
25577
25578
25584
25587
25587
25592
25594
25594
25595
25595
25597
25599
25604
25608
25610
25610
25610
25612
25613
25614
25615
25617
25621
25624
25627
25636
25646
25651
25653
25655
25670
25672
25677
25678
25680
25683
25688
25700
25706
25707
25713
25717
25719
25722
25724
25727
25727
25728
25728
25732
25734
25735
25740
25740
25743
25754
25759
25761
25762
25764
25773
25774
25774
25775
25777
25780
25785
25788
25793
25795
25799
25803
25805
25811
25819
25826
25834
25838
25840
25841
25845
25853
25854
25856
25858
25861
25863
25864
25864
25866
25868
25875
25878
25880
25881
25883
25889
25891
25892
25894
25894
25896
25897
25898
25910
25916
25916
25938
25942
25943
25944
25945
25945
25950
25951
25951
25954
25954
25957
25959
25963
25971
25973
25978
25981
25984
25986
25987
25991
25995
25997
25999
26000
26005
26006
26007
26017
26026
26026
26033
26034
26038
26040
26047
26056
26061
26062
26069
26070
26071
26074
26075
26075
26077
26079
26079
26081
26086
26088
26090
26092
26093
26094
26098
26098
26098
26130
26133
26136
26136
26140
26142
26145
26151
26154
26154
26156
26157
26160
26162
26163
26163
26164
26164
26165
26166
26171
26174
26174
26183
26183
26190
26193
26199
26203
26205
26208
26211
26213
26220
26223
26223
26224
26225
26226
26227
26235
26238
26238
26239
26240
26244
26245
26258
26261
26262
26270
26271
26271
26278
26282
26283
26283
26287
26287
26287
26290
26295
26299
26310
26313
26319
26322
26322
26323
26326
26328
26333
26341
26345
26348
26348
26351
26354
26355
26356
26359
26364
26367
26367
26371
26377
26377
26384
26391
26395
26399
26409
26410
26419
26425
26426
26428
26431
26431
26433
26435
26440
26449
26453
26454
26455
26457
26461
26461
26477
26488
26490
26493
26495
26504
26511
26511
26513
26518
26518
26519
26526
26528
26529
26530
26531
26532
26534
26535
26537
26540
26542
26546
26547
26549
26552
26555
26556
26559
26565
26568
26578
26580
26580
26583
26588
26589
26590
26594
26595
26597
26601
26606
26610
26612
26612
26613
26625
26626
26628
26630
26640
26640
26644
26651
26652
26655
26661
26661
26665
26669
26670
26676
26683
26684
26685
26685
26689
26689
26696
26698
26699
26699
26699
26702
26704
26704
26710
26710
26712
26712
26715
26716
26718
26719
26719
26720
26725
26728
26731
26733
26733
26735
26738
26743
26747
26748
26752
26757
26759
26770
26770
26780
26782
26784
26785
26787
26790
26790
26798
26800
26806
26806
26807
26810
26811
26818
26819
26828
26832
26836
26845
26845
26847
26848
26851
26853
26857
26861
26864
26875
26876
26880
26881
26887
26890
26894
26895
26896
26899
26901
26907
26907
26922
26923
26923
26928
26934
26936
26940
26940
26946
26951
26954
26959
26962
26964
26964
26967
26967
26974
26976
26980
26981
26983
26985
26991
26996
26996
27005
27018
27021
27022
27023
27023
27031
27031
27032
27032
27033
27034
27034
27038
27039
27044
27048
27050
27058
27061
27064
27066
27070
27070
27071
27072
27074
27077
27085
27092
27095
27100
27105
27108
27109
27118
27119
27120
27122
27127
27142
27144
27145
27146
27148
27152
27155
27157
27157
27158
27159
27160
27164
27175
27176
27177
27178
27181
27183
27183
27184
27187
27188
27189
27190
27190
27195
27196
27221
27221
27222
27227
27228
27230
27235
27243
27243
27243
27252
27256
27258
27259
27263
27264
27267
27270
27273
27279
27280
27282
27283
27283
27291
27292
27303
27303
27307
27308
27309
27313
27313
27317
27318
27321
27330
27331
27340
27341
27341
27342
27345
27358
27363
27363
27365
27373
27375
27375
27379
27382
27386
27388
27388
27388
27395
27395
27402
27408
27413
27417
27418
27423
27426
27427
27429
27429
27436
27437
27438
27442
27443
27445
27448
27452
27453
27459
27465
27466
27469
27476
27479
27480
27486
27488
27491
27497
27501
27502
27505
27507
27509
27513
27515
27520
27527
27529
27532
27535
27538
27543
27544
27549
27550
27555
27556
27559
27559
27564
27564
27566
27567
27572
27575
27579
27582
27584
27586
27586
27587
27587
27588
27590
27591
27592
27593
27601
27603
27610
27618
27632
27632
27638
27640
27651
27653
27653
27656
27661
27669
27671
27683
27685
27691
27695
27698
27700
27705
27707
27708
27714
27719
27720
27721
27721
27725
27728
27732
27734
27739
27743
27746
27747
27749
27753
27754
27756
27760
27765
27768
27768
27775
27780
27783
27784
27784
27785
27787
27793
27796
27796
27796
27797
27801
27802
27806
27808
27810
27810
27811
27812
27821
27822
27822
27826
27837
27841
27842
27845
27845
27849
27857
27858
27858
27862
27863
27864
27864
27865
27875
27880
27885
27888
27890
27893
27895
27897
27898
27906
27907
27907
27914
27914
27915
27919
27921
27925
27926
27927
27935
27942
27943
27946
27946
27948
27952
27958
27959
27959
27960
27962
27968
27970
27972
27979
27986
27989
27990
27997
27999
28005
28013
28014
28019
28020
28027
28027
28029
28031
28034
28040
28042
28043
28043
28043
28044
28050
28052
28065
28066
28070
28070
28073
28074
28076
28084
28088
28091
28092
28094
28099
28100
28103
28105
28111
28113
28117
28122
28127
28130
28132
28133
28135
28138
28149
28150
28155
28156
28159
28165
28165
28170
28171
28189
28189
28190
28194
28206
28218
28223
28236
28238
28238
28244
28248
28250
28254
28258
28263
28263
28267
28276
28278
28278
28278
28282
28283
28289
28296
28301
28309
28309
28317
28318
28321
28321
28326
28331
28333
28334
28337
28342
28342
28354
28356
28358
28358
28369
28369
28369
28373
28378
28381
28382
28396
28397
28397
28401
28409
28413
28414
28416
28424
28429
28431
28435
28436
28438
28440
28440
28440
28441
28444
28444
28452
28453
28457
28457
28471
28474
28478
28481
28483
28483
28483
28483
28489
28490
28496
28498
28503
28506
28508
28512
28514
28515
28516
28518
28519
28521
28523
28524
28533
28534
28538
28538
28546
28546
28547
28548
28548
28553
28553
28555
28556
28560
28563
28564
28565
28567
28569
28572
28589
28591
28592
28593
28594
28599
28601
28604
28604
28609
28611
28612
28616
28628
28630
28633
28645
28646
28650
28653
28654
28656
28657
28660
28663
28665
28667
28668
28672
28675
28679
28682
28683
28684
28685
28686
28688
28694
28702
28705
28708
28708
28717
28722
28723
28730
28732
28735
28738
28739
28742
28743
28744
28747
28747
28749
28754
28758
28758
28775
28776
28788
28788
28789
28793
28793
28795
28804
28813
28815
28817
28817
28818
28819
28823
28832
28835
28838
28842
28848
28851
28853
28853
28855
28867
28872
28873
28880
28880
28882
28884
28886
28910
28912
28914
28933
28935
28936
28940
28942
28948
28949
28950
28952
28952
28954
28958
28961
28963
28963
28972
28974
28976
28976
28988
28988
28989
28989
28991
29000
29000
29000
29001
29003
29005
29006
29008
29011
29015
29017
29018
29019
29019
29023
29024
29025
29031
29032
29035
29038
29050
29054
29054
29056
29057
29059
29061
29062
29066
29068
29072
29073
29073
29076
29080
29087
29091
29091
29092
29097
29102
29103
29107
29114
29125
29134
29136
29139
29141
29151
29154
29154
29164
29166
29170
29172
29176
29177
29182
29186
29195
29195
29202
29202
29204
29205
29206
29210
29213
29223
29224
29226
29245
29263
29263
29263
29264
29266
29272
29275
29276
29277
29278
29281
29291
29291
29292
29294
29295
29300
29301
29305
29307
29311
29315
29321
29323
29327
29327
29330
29334
29334
29339
29343
29349
29351
29356
29359
29362
29364
29365
29376
29381
29382
29384
29398
29401
29413
29413
29414
29420
29424
29426
29433
29438
29439
29443
29444
29449
29449
29452
29456
29457
29457
29463
29470
29472
29473
29480
29480
29485
29486
29488
29489
29492
29493
29496
29503
29507
29513
29515
29515
29517
29521
29523
29526
29530
29535
29535
29535
29566
29569
29574
29574
29575
29576
29578
29584
29585
29590
29593
29595
29597
29601
29602
29605
29610
29611
29612
29620
29621
29627
29628
29630
29633
29633
29638
29641
29643
29650
29651
29652
29653
29657
29662
29664
29670
29677
29686
29688
29690
29693
29693
29695
29698
29703
29704
29707
29709
29714
29714
29720
29722
29730
29732
29738
29739
29743
29743
29745
29751
29756
29759
29763
29768
29773
29778
29787
29787
29791
29796
29799
29802
29806
29807
29808
29818
29823
29824
29826
29828
29830
29831
29834
29839
29847
29856
29862
29863
29866
29867
29869
29875
29875
29880
29884
29887
29889
29890
29891
29892
29892
29897
29900
29900
29902
29907
29910
29912
29916
29919
29923
29924
29924
29927
29935
29937
29937
29937
29940
29944
29948
29961
29962
29962
29969
29970
29972
29974
29974
29975
29980
29982
29983
29983
29988
29991
29993
29995
29995
29999
30004
30004
30005
30011
30011
30011
30018
30021
30022
30022
30024
30024
30027
30028
30037
30037
30047
30049
30049
30050
30051
30053
30053
30060
30062
30068
30069
30072
30074
30076
30082
30082
30082
30085
30085
30086
30087
30092
30095
30097
30099
30101
30104
30105
30109
30111
30114
30115
30126
30127
30129
30133
30140
30147
30149
30157
30162
30163
30165
30179
30179
30180
30182
30190
30201
30209
30211
30219
30220
30224
30224
30225
30226
30226
30230
30230
30239
30243
30245
30247
30247
30249
30250
30252
30257
30264
30264
30266
30271
30275
30277
30284
30287
30298
30302
30309
30311
30314
30323
30329
30337
30347
30350
30351
30354
30357
30360
30361
30364
30367
30367
30373
30374
30378
30382
30388
30389
30390
30390
30390
30398
30400
30400
30403
30406
30407
30408
30412
30412
30414
30416
30423
30425
30428
30436
30437
30439
30442
30442
30443
30446
30448
30451
30451
30453
30454
30458
30459
30460
30465
30465
30469
30469
30470
30476
30486
30488
30490
30491
30491
30491
30492
30493
30496
30497
30498
30501
30505
30506
30507
30517
30518
30518
30521
30521
30522
30531
30542
30549
30550
30553
30557
30558
30558
30561
30563
30566
30566
30567
30568
30570
30574
30575
30576
30577
30577
30577
30578
30578
30581
30583
30586
30586
30586
30591
30592
30603
30606
30610
30613
30617
30626
30626
30626
30637
30637
30638
30641
30645
30648
30649
30650
30651
30659
30663
30664
30664
30666
30667
30670
30679
30681
30686
30687
30688
30689
30693
30696
30698
30699
30703
30703
30704
30705
30710
30710
30715
30715
30717
30718
30721
30721
30721
30726
30730
30734
30736
30737
30737
30741
30745
30747
30747
30750
30751
30752
30755
30763
30769
30778
30778
30785
30789
30797
30807
30813
30816
30819
30826
30827
30829
30831
30833
30833
30843
30844
30847
30849
30850
30853
30853
30863
30873
30874
30876
30882
30888
30890
30891
30894
30900
30905
30905
30907
30908
30910
30919
30926
30927
30930
30933
30934
30935
30944
30947
30950
30954
30959
30961
30963
30965
30968
30968
30970
30973
30977
30986
30987
30991
30995
30996
30997
31004
31009
31019
31019
31022
31026
31026
31029
31030
31033
31037
31038
31043
31044
31050
31051
31051
31052
31053
31053
31055
31059
31063
31072
31075
31079
31080
31084
31091
31094
31096
31097
31102
31110
31111
31112
31115
31118
31122
31131
31136
31136
31137
31146
31146
31148
31151
31154
31155
31156
31164
31164
31165
31168
31171
31174
31176
31182
31186
31191
31195
31200
31203
31205
31210
31211
31212
31214
31214
31215
31218
31219
31219
31224
31225
31230
31230
31237
31241
31241
31242
31244
31248
31252
31253
31254
31256
31261
31265
31270
31271
31271
31276
31277
31277
31277
31284
31285
31285
31286
31301
31302
31303
31307
31321
31321
31325
31325
31334
31335
31336
31339
31343
31344
31345
31347
31347
31351
31361
31371
31371
31374
31375
31380
31381
31384
31384
31388
31391
31391
31394
31397
31399
31399
31400
31400
31408
31409
31411
31413
31414
31416
31422
31423
31423
31424
31430
31437
31444
31448
31457
31459
31459
31466
31467
31470
31471
31474
31475
31476
31479
31479
31481
31483
31483
31487
31487
31496
31496
31497
31505
31512
31525
31536
31538
31540
31542
31545
31548
31548
31554
31555
31556
31557
31572
31577
31579
31583
31586
31587
31588
31611
31622
31631
31638
31646
31648
31648
31662
31662
31667
31671
31672
31676
31679
31683
31683
31689
31692
31692
31694
31696
31703
31704
31709
31715
31717
31719
31724
31726
31729
31730
31731
31734
31741
31741
31742
31750
31753
31754
31754
31756
31756
31757
31757
31767
31769
31769
31769
31770
31771
31772
31775
31776
31780
31783
31786
31793
31793
31794
31796
31797
31798
31798
31799
31801
31801
31809
31815
31815
31819
31820
31821
31821
31837
31851
31853
31855
31856
31867
31872
31877
31885
31887
31887
31891
31892
31893
31896
31898
31900
31901
31910
31912
31913
31914
31917
31921
31921
31923
31928
31931
31933
31938
31942
31945
31945
31947
31954
31954
31957
31957
31963
31964
31965
31967
31968
31969
31969
31979
31980
31983
31994
32000
32000
32005
32005
32006
32007
32011
32013
32013
32014
32016
32019
32022
32024
32025
32029
32035
32038
32039
32040
32041
32041
32041
32042
32043
32049
32050
32054
32055
32056
32061
32062
32071
32072
32073
32079
32080
32082
32083
32085
32086
32086
32109
32109
32126
32126
32127
32130
32136
32137
32140
32144
32150
32152
32152
32167
32167
32168
32171
32178
32183
32183
32187
32188
32194
32208
32212
32213
32214
32218
32227
32230
32238
32238
32259
32271
32271
32275
32276
32277
32285
32287
32300
32301
32304
32306
32308
32316
32321
32324
32325
32329
32329
32335
32335
32336
32342
32344
32344
32345
32346
32356
32356
32359
32361
32368
32369
32373
32375
32378
32379
32384
32385
32385
32385
32389
32396
32398
32400
32400
32403
32407
32407
32410
32415
32417
32420
32421
32422
32422
32427
32427
32428
32432
32435
32436
32437
32437
32444
32445
32445
32447
32453
32457
32457
32458
32458
32463
32471
32471
32478
32480
32485
32487
32490
32494
32497
32505
32509
32510
32511
32517
32519
32520
32523
32524
32529
32534
32534
32536
32543
32544
32545
32547
32550
32554
32556
32557
32559
32568
32571
32575
32577
32578
32582
32585
32587
32591
32593
32594
32597
32598
32603
32609
32610
32614
32616
32619
32621
32634
32637
32641
32641
32642
32648
32649
32651
32652
32656
32659
32661
32662
32666
32668
32669
32669
32670
32678
32683
32684
32685
32688
32694
32696
32700
32707
32708
32712
32713
32713
32724
32727
32730
32736
32737
32738
32758
32762
32763
32764
32764
32765
32766
