1000
3
19
156
208
213
231
237
238
284
312
331
331
346
350
434
441
447
513
534
585
602
617
689
725
749
786
809
811
813
837
897
925
1059
1062
1138
1142
1161
1266
1270
1312
1337
1344
1392
1440
1591
1598
1621
1626
1649
1702
1727
1765
1771
1777
1789
1828
1851
1855
1885
1911
1943
1980
1997
2110
2123
2139
2147
2158
2170
2196
2201
2217
2226
2269
2336
2372
2410
2459
2497
2499
2531
2554
2566
2596
2660
2735
2749
2812
2821
2825
2839
2849
2928
3051
3053
3065
3071
3133
3163
3184
3193
3231
3237
3243
3268
3283
3322
3327
3345
3370
3374
3422
3475
3478
3482
3491
3552
3575
3600
3646
3664
3674
3709
3733
3755
3777
3778
3815
3824
3954
3997
4006
4008
4025
4092
4104
4140
4152
4204
4259
4309
4387
4411
4417
4421
4432
4444
4445
4471
4493
4516
4539
4553
4557
4592
4610
4616
4635
4639
4644
4653
4692
4709
4729
4750
4804
4837
4841
4952
4989
4990
4999
5000
5014
5103
5104
5128
5161
5174
5202
5334
5400
5414
5454
5476
5502
5553
5612
5618
5655
5700
5804
5814
5827
5854
5884
5896
5901
5964
6014
6014
6017
6020
6147
6177
6221
6278
6345
6387
6438
6484
6505
6562
6606
6609
6772
6803
6832
7024
7055
7110
7135
7176
7233
7264
7300
7377
7567
7590
7591
7655
7683
7703
7710
7710
7712
7759
7792
7834
7847
7937
7944
7987
7999
8012
8065
8093
8100
8205
8225
8292
8295
8296
8298
8325
8344
8345
8362
8426
8480
8520
8529
8560
8639
8702
8798
8857
8934
8961
9010
9030
9091
9098
9120
9174
9262
9308
9383
9461
9472
9524
9568
9593
9620
9670
9675
9683
9720
9730
9809
9849
9861
9898
9920
10044
10067
10080
10140
10202
10235
10236
10242
10275
10279
10300
10363
10383
10398
10404
10462
10463
10572
10578
10580
10587
10604
10634
10711
10780
10791
10810
10836
10853
10869
10905
10947
11006
11043
11159
11168
11172
11234
11258
11295
11296
11324
11368
11377
11404
11434
11527
11613
11625
11643
11657
11668
11672
11765
11953
11972
11979
12084
12177
12244
12317
12331
12332
12459
12505
12525
12536
12542
12580
12599
12645
12675
12785
12787
12946
12946
12964
13004
13077
13094
13126
13155
13169
13172
13176
13197
13200
13253
13288
13325
13343
13373
13400
13401
13413
13472
13544
13594
13672
13704
13732
13763
13785
13792
13871
13871
13873
13911
13984
14040
14043
14048
14055
14062
14071
14117
14157
14162
14167
14168
14184
14196
14212
14219
14305
14310
14393
14424
14453
14455
14470
14472
14570
14585
14618
14634
14654
14665
14708
14737
14754
14803
14879
14888
14908
14943
14965
14983
15014
15099
15135
15141
15207
15223
15260
15262
15329
15419
15469
15483
15489
15535
15540
15639
15701
15709
15732
15815
15868
15884
15903
15939
15952
16064
16101
16112
16197
16222
16250
16382
16460
16621
16637
16641
16700
16709
16794
16806
16808
16876
16942
16985
16995
16998
17017
17044
17050
17109
17122
17136
17221
17295
17311
17366
17408
17498
17547
17560
17564
17675
17678
17825
17860
17872
17878
17884
17889
17899
17932
17945
17952
17984
18044
18101
18102
18109
18161
18204
18209
18263
18273
18298
18364
18380
18395
18398
18443
18457
18477
18480
18558
18586
18594
18665
18667
18674
18678
18709
18741
18782
18787
18787
18981
18983
19024
19069
19092
19108
19126
19148
19163
19167
19174
19184
19200
19239
19251
19276
19281
19297
19414
19428
19429
19444
19450
19481
19527
19558
19569
19604
19615
19647
19658
19679
19723
19741
19757
19782
19835
19856
19859
19904
19906
20000
20058
20157
20161
20169
20203
20217
20254
20317
20330
20337
20358
20366
20376
20385
20467
20498
20530
20552
20629
20670
20715
20724
20747
20769
20847
20880
20965
21081
21091
21106
21178
21243
21253
21264
21278
21419
21454
21488
21513
21531
21535
21547
21574
21604
21622
21622
21719
21731
21765
21794
21808
21817
21822
21850
21883
21890
21898
21922
21979
21980
22018
22027
22032
22070
22091
22165
22195
22217
22230
22265
22295
22309
22334
22355
22364
22410
22470
22503
22586
22608
22612
22655
22670
22707
22711
22777
22784
22848
22890
22898
22913
22963
22967
23023
23047
23082
23119
23120
23155
23161
23227
23236
23249
23281
23281
23295
23300
23337
23341
23343
23356
23374
23376
23386
23431
23481
23525
23529
23586
23628
23728
23734
23746
23765
23789
23802
23802
23839
23876
23885
23913
23962
23965
24072
24080
24122
24232
24262
24301
24335
24373
24382
24409
24427
24436
24443
24444
24521
24561
24642
24658
24658
24666
24677
24708
24710
24763
24773
24783
24857
24873
24963
24991
24995
25111
25119
25125
25127
25134
25144
25239
25330
25352
25422
25432
25432
25505
25510
25621
25720
25735
25740
25742
25747
25748
25752
25786
25790
25828
25833
25834
25852
25889
25908
25957
25995
26025
26105
26126
26154
26196
26259
26279
26332
26449
26560
26592
26609
26612
26635
26637
26640
26667
26677
26753
26776
26826
26837
26895
26900
27024
27107
27110
27146
27149
27166
27167
27167
27207
27234
27259
27268
27322
27340
27403
27418
27434
27484
27498
27541
27595
27604
27636
27657
27664
27718
27808
27819
27857
27904
27957
27999
28018
28026
28042
28050
28056
28099
28136
28201
28209
28273
28347
28372
28379
28406
28418
28443
28504
28506
28575
28595
28609
28614
28720
28726
28744
28802
28874
28893
28928
28980
28990
28995
29027
29030
29059
29074
29077
29094
29098
29150
29203
29262
29284
29358
29374
29388
29393
29462
29465
29503
29567
29591
29635
29686
29707
29728
29751
29780
29802
29806
29807
29813
29831
29839
29846
29893
29971
29998
30045
30046
30063
30099
30104
30125
30138
30146
30191
30265
30290
30304
30306
30310
30320
30347
30363
30375
30410
30418
30442
30448
30450
30560
30587
30601
30622
30660
30681
30715
30756
30769
30816
30826
30836
30859
30951
31018
31030
31042
31084
31089
31102
31131
31145
31168
31181
31182
31267
31346
31358
31409
31506
31579
31614
31678
31687
31705
31734
31737
31740
31813
31820
31905
31916
31951
32002
32031
32075
32108
32119
32119
32194
32209
32240
32246
32258
32287
32343
32355
32386
32451
32473
32505
32534
32564
32586
32674
32692
32737
32741
32766
