100
617
1411
1448
1582
1876
2577
2698
2722
3039
3043
3198
3668
4086
4396
4487
4565
5074
5308
5658
6325
7201
7810
8247
8354
8579
8785
8871
9234
9259
9391
10302
10505
10835
11011
12638
12853
12873
12896
13030
13177
13364
13418
13574
13891
15163
15378
15642
15655
16254
16259
16380
16407
16633
17006
17027
17702
17781
17945
18216
18419
18475
19190
19471
20398
21003
21420
21926
21973
22229
22284
22638
23352
23648
23784
24006
24023
24048
24288
24520
24838
25296
25302
25474
25902
25911
26854
26903
27015
27017
27039
27546
28056
28337
28391
28620
28819
29806
30174
32048
32144
