10000
0
8
10
11
14
17
17
19
20
22
24
24
28
31
35
35
37
40
41
41
56
61
67
70
72
81
89
93
96
104
109
124
125
125
130
146
147
153
153
162
167
167
170
170
171
172
174
176
178
187
188
191
196
197
202
203
205
218
220
220
223
223
225
226
233
236
237
237
239
241
242
248
252
254
255
255
257
260
262
266
268
272
276
276
278
278
279
284
285
292
294
294
297
297
302
310
310
312
315
318
323
325
327
328
329
330
331
332
333
336
337
340
342
342
343
343
347
347
347
351
354
360
365
365
371
377
378
379
381
385
398
399
404
406
408
419
420
423
424
428
438
441
449
450
451
454
455
461
462
473
473
474
478
484
485
486
487
487
494
495
499
499
499
500
506
507
512
514
515
517
522
522
523
523
524
529
530
531
538
540
541
546
547
547
548
554
554
558
562
562
569
570
570
572
573
577
578
582
582
590
592
592
593
605
606
607
608
612
614
615
618
618
622
632
638
644
646
651
651
652
654
656
658
659
665
666
673
673
676
679
683
685
690
691
693
701
701
707
708
716
718
718
721
726
727
732
733
735
736
738
738
742
744
747
752
752
759
759
770
771
771
774
777
784
788
789
789
790
793
800
804
810
823
824
825
825
828
829
832
836
842
844
845
846
852
860
862
864
864
868
869
874
874
876
877
877
879
886
888
890
896
911
911
911
914
915
922
922
924
928
929
930
931
931
931
932
942
942
945
947
948
951
959
961
970
974
976
976
976
978
981
982
982
983
986
988
995
1003
1003
1007
1012
1013
1019
1023
1046
1052
1060
1062
1065
1066
1067
1071
1090
1092
1093
1095
1106
1109
1111
1119
1123
1124
1124
1124
1124
1129
1130
1136
1142
1151
1154
1159
1166
1168
1173
1177
1178
1179
1183
1189
1195
1197
1206
1208
1209
1209
1210
1212
1215
1217
1219
1225
1228
1232
1244
1251
1253
1253
1256
1257
1258
1259
1259
1267
1271
1280
1282
1287
1292
1292
1301
1301
1302
1304
1306
1310
1310
1314
1314
1315
1315
1317
1318
1322
1323
1326
1329
1332
1333
1335
1338
1340
1341
1344
1347
1353
1362
1366
1369
1374
1377
1378
1379
1384
1385
1390
1400
1403
1403
1407
1412
1413
1424
1431
1432
1433
1438
1441
1445
1446
1449
1449
1451
1456
1457
1459
1459
1461
1467
1469
1472
1475
1475
1478
1480
1482
1490
1503
1504
1504
1510
1513
1514
1515
1516
1517
1519
1520
1521
1524
1531
1537
1539
1540
1545
1546
1550
1551
1555
1558
1562
1562
1569
1573
1582
1587
1591
1591
1593
1601
1615
1616
1618
1620
1620
1623
1628
1628
1632
1632
1635
1649
1650
1655
1655
1657
1668
1674
1676
1686
1690
1690
1697
1697
1697
1697
1713
1715
1720
1732
1733
1734
1738
1741
1744
1748
1752
1755
1761
1762
1765
1765
1765
1772
1781
1783
1787
1797
1801
1802
1809
1812
1816
1817
1822
1827
1833
1837
1844
1851
1851
1851
1851
1852
1867
1868
1870
1870
1872
1873
1875
1887
1889
1898
1906
1907
1909
1914
1915
1915
1920
1929
1931
1931
1936
1937
1944
1947
1948
1948
1950
1952
1954
1962
1963
1966
1967
1970
1970
1975
1978
1979
1982
1983
1988
1992
1993
1995
1999
1999
2000
2001
2011
2024
2027
2028
2034
2036
2038
2040
2040
2045
2053
2054
2055
2056
2062
2067
2074
2077
2082
2083
2084
2085
2086
2101
2105
2107
2108
2110
2111
2111
2112
2122
2124
2128
2129
2130
2131
2133
2136
2143
2145
2149
2151
2154
2158
2161
2161
2171
2172
2173
2175
2178
2185
2189
2191
2198
2199
2202
2214
2215
2217
2237
2240
2242
2247
2252
2257
2260
2263
2265
2271
2272
2274
2277
2282
2284
2286
2295
2296
2298
2300
2306
2307
2310
2329
2330
2330
2331
2331
2337
2338
2341
2345
2345
2347
2361
2364
2374
2378
2380
2381
2386
2386
2391
2393
2396
2397
2400
2401
2403
2404
2408
2408
2412
2419
2422
2425
2432
2436
2443
2445
2447
2451
2452
2457
2459
2460
2463
2476
2480
2483
2485
2486
2487
2493
2494
2495
2499
2502
2503
2505
2506
2508
2511
2513
2513
2513
2519
2520
2521
2522
2529
2532
2540
2541
2547
2549
2551
2551
2554
2563
2563
2568
2569
2571
2571
2574
2574
2576
2576
2576
2580
2582
2584
2589
2590
2592
2593
2602
2613
2625
2628
2632
2633
2633
2634
2634
2640
2641
2659
2660
2660
2665
2673
2675
2682
2685
2689
2696
2697
2700
2701
2702
2709
2710
2712
2719
2720
2720
2729
2734
2734
2738
2743
2751
2753
2759
2760
2774
2777
2780
2782
2794
2796
2800
2800
2804
2804
2806
2814
2817
2834
2834
2835
2837
2839
2846
2850
2851
2853
2854
2856
2862
2864
2867
2869
2873
2877
2878
2886
2886
2887
2888
2892
2894
2902
2902
2905
2905
2909
2913
2914
2918
2918
2922
2923
2925
2929
2936
2937
2939
2941
2942
2949
2951
2952
2952
2953
2955
2961
2964
2965
2967
2969
2969
2970
2971
2976
2978
2982
2990
2994
2996
2997
3043
3050
3055
3056
3057
3058
3058
3058
3063
3067
3067
3068
3069
3074
3075
3079
3081
3083
3088
3092
3092
3099
3107
3111
3112
3119
3123
3128
3130
3136
3136
3137
3138
3140
3144
3146
3147
3151
3151
3153
3155
3161
3166
3167
3168
3171
3176
3176
3184
3189
3191
3194
3197
3199
3208
3214
3216
3219
3220
3221
3222
3222
3228
3229
3232
3239
3242
3243
3244
3246
3247
3251
3255
3270
3272
3276
3280
3280
3290
3293
3295
3298
3301
3303
3308
3308
3308
3309
3312
3314
3317
3319
3320
3324
3324
3326
3329
3334
3335
3341
3344
3346
3347
3348
3349
3350
3351
3354
3361
3361
3362
3363
3370
3371
3375
3383
3384
3385
3390
3391
3391
3396
3401
3402
3402
3416
3423
3425
3453
3453
3454
3460
3464
3467
3484
3484
3485
3495
3495
3499
3502
3503
3504
3505
3507
3511
3511
3513
3514
3519
3519
3520
3521
3522
3524
3527
3528
3530
3533
3535
3541
3541
3549
3560
3564
3577
3580
3582
3583
3584
3586
3592
3601
3601
3601
3606
3607
3611
3614
3614
3618
3620
3634
3635
3635
3637
3640
3641
3644
3644
3647
3648
3650
3653
3659
3668
3675
3681
3696
3705
3707
3711
3711
3711
3718
3720
3722
3724
3725
3728
3735
3740
3741
3744
3746
3747
3750
3761
3763
3764
3765
3767
3768
3781
3782
3783
3791
3791
3791
3798
3803
3805
3809
3809
3810
3814
3820
3820
3827
3836
3836
3840
3844
3851
3855
3858
3861
3861
3867
3871
3874
3880
3880
3891
3894
3897
3898
3899
3900
3902
3903
3904
3916
3919
3919
3921
3923
3929
3934
3938
3941
3942
3944
3944
3945
3952
3960
3963
3964
3968
3969
3969
3970
3973
3975
3977
3978
3983
3987
3990
3990
3996
3999
3999
4006
4008
4008
4018
4019
4021
4022
4022
4037
4037
4041
4043
4045
4045
4046
4054
4054
4059
4060
4063
4065
4083
4089
4091
4092
4093
4097
4098
4100
4109
4113
4114
4116
4117
4120
4128
4128
4130
4131
4134
4134
4135
4143
4147
4147
4154
4154
4159
4162
4167
4169
4172
4187
4191
4202
4202
4202
4205
4205
4205
4210
4211
4214
4215
4220
4225
4236
4242
4243
4243
4245
4248
4254
4257
4261
4267
4270
4272
4274
4277
4281
4285
4285
4286
4287
4292
4293
4293
4301
4301
4306
4308
4317
4318
4321
4322
4326
4331
4337
4340
4341
4341
4348
4349
4350
4351
4353
4354
4354
4359
4359
4363
4375
4378
4385
4389
4390
4396
4398
4408
4409
4411
4413
4417
4424
4427
4429
4430
4433
4440
4448
4459
4460
4462
4479
4482
4483
4489
4491
4492
4494
4498
4501
4505
4505
4505
4509
4518
4518
4519
4527
4527
4529
4534
4536
4536
4538
4539
4541
4542
4543
4547
4549
4549
4560
4570
4571
4572
4578
4578
4583
4588
4589
4590
4593
4597
4597
4600
4600
4601
4605
4606
4609
4609
4612
4626
4626
4634
4635
4637
4642
4643
4648
4648
4648
4655
4656
4659
4660
4661
4663
4664
4665
4669
4670
4671
4681
4684
4689
4691
4694
4700
4700
4701
4703
4710
4714
4714
4715
4717
4718
4718
4720
4722
4723
4724
4724
4733
4733
4734
4734
4746
4749
4751
4752
4752
4754
4756
4758
4762
4766
4778
4779
4781
4785
4785
4789
4789
4789
4791
4791
4806
4811
4815
4819
4820
4824
4826
4829
4829
4830
4839
4844
4844
4846
4852
4858
4858
4858
4864
4871
4872
4874
4877
4878
4884
4890
4899
4903
4903
4905
4910
4911
4914
4922
4922
4922
4924
4927
4938
4943
4950
4954
4955
4963
4966
4967
4970
4971
4972
4978
4985
4992
4995
4997
5007
5012
5013
5016
5017
5019
5020
5021
5024
5025
5026
5027
5030
5039
5042
5043
5045
5048
5048
5052
5052
5053
5060
5062
5063
5066
5073
5074
5078
5087
5088
5092
5104
5104
5107
5113
5115
5116
5116
5119
5119
5121
5123
5125
5126
5127
5129
5131
5133
5140
5142
5147
5154
5155
5156
5157
5158
5159
5165
5166
5167
5175
5183
5183
5192
5193
5195
5197
5198
5201
5202
5204
5206
5206
5219
5228
5229
5231
5250
5253
5262
5277
5286
5286
5287
5294
5298
5301
5305
5306
5307
5310
5315
5319
5320
5322
5323
5323
5326
5336
5341
5351
5354
5355
5355
5357
5358
5361
5374
5376
5377
5377
5380
5382
5383
5383
5386
5399
5404
5406
5410
5412
5413
5416
5420
5422
5427
5433
5435
5438
5454
5459
5462
5462
5463
5464
5467
5471
5474
5477
5480
5486
5487
5488
5489
5495
5496
5502
5502
5504
5507
5510
5514
5520
5525
5532
5535
5535
5536
5543
5543
5546
5546
5546
5548
5549
5550
5550
5551
5557
5564
5568
5569
5571
5572
5572
5574
5577
5578
5579
5580
5587
5591
5596
5599
5600
5603
5607
5610
5612
5613
5614
5614
5628
5633
5634
5644
5647
5653
5655
5656
5658
5659
5662
5665
5671
5671
5675
5675
5685
5686
5688
5691
5692
5695
5698
5700
5702
5705
5714
5721
5727
5730
5742
5747
5748
5751
5759
5761
5767
5769
5769
5771
5778
5783
5785
5786
5789
5790
5792
5796
5798
5799
5800
5801
5803
5803
5805
5807
5808
5809
5813
5816
5818
5819
5827
5830
5832
5832
5837
5838
5838
5839
5843
5846
5848
5848
5863
5864
5864
5866
5870
5871
5882
5886
5887
5892
5899
5901
5902
5906
5915
5920
5923
5927
5929
5932
5935
5936
5939
5941
5943
5946
5951
5952
5954
5961
5969
5969
5970
5970
5971
5972
5978
5980
5981
5986
5986
5988
5989
6002
6002
6003
6003
6006
6008
6010
6012
6025
6025
6028
6037
6041
6041
6042
6045
6045
6056
6056
6059
6061
6063
6065
6066
6066
6067
6068
6069
6071
6073
6076
6093
6094
6100
6102
6104
6105
6106
6107
6107
6112
6119
6124
6132
6134
6138
6140
6140
6142
6146
6148
6170
6171
6173
6176
6177
6181
6182
6187
6187
6189
6191
6192
6194
6202
6204
6207
6208
6213
6219
6220
6224
6226
6226
6236
6237
6239
6239
6248
6248
6254
6256
6257
6260
6267
6270
6273
6279
6280
6295
6300
6301
6302
6308
6317
6322
6325
6330
6333
6333
6334
6335
6351
6358
6364
6368
6368
6370
6371
6372
6372
6374
6381
6382
6392
6396
6402
6403
6404
6407
6414
6416
6420
6424
6428
6430
6432
6435
6438
6443
6445
6448
6448
6453
6454
6455
6459
6462
6465
6466
6470
6479
6485
6490
6493
6497
6503
6505
6509
6513
6515
6519
6520
6525
6527
6529
6532
6540
6543
6543
6552
6554
6558
6560
6560
6560
6561
6564
6568
6575
6575
6576
6588
6588
6590
6591
6593
6593
6601
6603
6605
6610
6610
6614
6620
6620
6627
6629
6632
6632
6638
6639
6640
6647
6649
6649
6656
6658
6666
6669
6674
6676
6681
6684
6692
6693
6695
6699
6700
6702
6707
6709
6710
6715
6721
6725
6725
6725
6726
6728
6730
6736
6746
6749
6763
6764
6766
6774
6775
6775
6778
6780
6788
6793
6800
6800
6804
6807
6810
6811
6813
6816
6821
6823
6830
6830
6831
6836
6838
6847
6848
6849
6853
6864
6870
6871
6871
6874
6884
6888
6890
6901
6903
6908
6910
6914
6916
6918
6923
6924
6925
6929
6932
6941
6941
6944
6945
6945
6950
6958
6960
6970
6976
6983
6986
6997
7008
7017
7019
7020
7023
7027
7028
7034
7036
7037
7045
7048
7050
7051
7052
7059
7062
7066
7067
7073
7075
7076
7077
7077
7077
7078
7078
7082
7088
7091
7094
7094
7095
7097
7097
7100
7102
7102
7115
7121
7126
7129
7129
7130
7133
7134
7137
7140
7141
7141
7143
7143
7146
7148
7154
7167
7169
7176
7179
7180
7182
7197
7202
7202
7205
7211
7212
7212
7220
7223
7223
7229
7232
7232
7236
7240
7245
7245
7246
7264
7266
7267
7280
7284
7286
7288
7288
7292
7295
7297
7297
7298
7305
7314
7318
7318
7320
7321
7321
7321
7322
7327
7329
7330
7330
7330
7335
7336
7339
7344
7347
7347
7350
7352
7354
7354
7364
7368
7369
7369
7374
7376
7383
7386
7386
7387
7399
7399
7401
7403
7405
7416
7419
7423
7424
7424
7426
7429
7430
7435
7437
7438
7447
7448
7449
7450
7453
7459
7461
7463
7464
7474
7475
7477
7479
7482
7483
7486
7494
7495
7499
7500
7504
7509
7511
7516
7518
7530
7534
7536
7537
7542
7548
7555
7574
7574
7574
7575
7576
7579
7592
7594
7595
7596
7597
7597
7598
7601
7602
7604
7606
7626
7628
7642
7644
7645
7647
7648
7650
7653
7653
7656
7658
7661
7663
7678
7679
7680
7681
7692
7698
7707
7708
7723
7730
7734
7737
7737
7743
7746
7748
7750
7750
7751
7760
7760
7763
7765
7766
7770
7779
7782
7783
7788
7794
7795
7795
7795
7799
7804
7807
7808
7808
7809
7812
7817
7819
7820
7823
7825
7826
7827
7829
7831
7832
7833
7835
7839
7843
7843
7849
7853
7854
7858
7863
7864
7865
7866
7870
7875
7875
7893
7896
7900
7903
7903
7903
7904
7913
7918
7919
7927
7929
7931
7935
7936
7937
7944
7945
7948
7948
7951
7961
7961
7973
7974
7977
7978
7981
7982
7985
7989
7991
7992
7992
7996
8001
8008
8015
8018
8022
8025
8027
8027
8028
8030
8031
8041
8056
8058
8059
8060
8071
8073
8086
8089
8099
8103
8103
8104
8105
8110
8113
8116
8117
8120
8120
8122
8125
8128
8129
8130
8130
8132
8135
8137
8146
8156
8157
8158
8160
8162
8166
8172
8177
8186
8190
8191
8196
8200
8203
8206
8208
8215
8222
8227
8227
8229
8240
8240
8243
8243
8244
8246
8251
8251
8260
8262
8268
8270
8281
8285
8286
8286
8286
8288
8291
8299
8311
8317
8324
8325
8327
8332
8334
8344
8345
8347
8349
8354
8354
8355
8358
8365
8384
8384
8397
8400
8402
8404
8405
8405
8407
8408
8409
8411
8412
8412
8415
8417
8424
8425
8425
8429
8429
8431
8431
8434
8439
8442
8443
8445
8446
8449
8450
8452
8455
8457
8459
8462
8465
8467
8468
8469
8469
8488
8489
8492
8496
8498
8503
8505
8506
8511
8513
8515
8517
8523
8525
8531
8532
8535
8535
8543
8546
8547
8548
8552
8553
8558
8561
8561
8562
8563
8570
8571
8574
8591
8600
8602
8602
8602
8603
8606
8609
8613
8614
8617
8621
8627
8627
8638
8644
8649
8651
8656
8659
8660
8662
8667
8674
8675
8677
8678
8684
8699
8700
8701
8702
8709
8709
8713
8727
8732
8735
8736
8744
8744
8745
8752
8754
8758
8762
8764
8781
8781
8781
8788
8792
8794
8801
8802
8804
8805
8808
8810
8812
8814
8815
8816
8817
8817
8820
8821
8827
8831
8836
8837
8841
8845
8845
8850
8852
8856
8859
8868
8874
8878
8879
8883
8884
8887
8892
8898
8902
8903
8908
8908
8911
8912
8914
8917
8919
8923
8923
8924
8925
8927
8928
8929
8932
8935
8936
8942
8943
8943
8944
8946
8947
8949
8949
8949
8950
8952
8952
8952
8955
8957
8960
8963
8966
8967
8972
8974
8977
8980
8980
8983
8984
8989
8990
8994
8996
8998
8999
9000
9000
9001
9004
9009
9014
9015
9017
9020
9020
9022
9026
9034
9037
9038
9040
9040
9052
9059
9062
9068
9073
9074
9076
9092
9100
9104
9104
9107
9112
9113
9115
9116
9118
9119
9120
9124
9124
9124
9125
9127
9127
9128
9129
9132
9132
9133
9136
9141
9142
9146
9149
9151
9152
9157
9158
9160
9162
9164
9174
9176
9177
9180
9180
9182
9183
9185
9187
9188
9193
9198
9204
9206
9210
9212
9215
9216
9222
9224
9224
9225
9227
9228
9234
9241
9245
9247
9249
9249
9259
9264
9270
9272
9279
9287
9288
9289
9291
9298
9300
9302
9303
9303
9305
9305
9306
9310
9310
9313
9313
9315
9321
9323
9326
9337
9340
9346
9353
9358
9362
9363
9365
9365
9368
9374
9379
9382
9385
9390
9394
9402
9406
9407
9408
9409
9409
9415
9418
9419
9420
9421
9421
9423
9434
9436
9457
9466
9475
9475
9481
9483
9484
9487
9489
9492
9492
9494
9501
9504
9506
9511
9513
9514
9515
9515
9516
9519
9522
9525
9535
9542
9545
9545
9545
9568
9575
9583
9585
9586
9588
9596
9597
9597
9598
9598
9605
9606
9615
9615
9618
9626
9630
9631
9632
9642
9643
9646
9653
9654
9668
9674
9676
9677
9689
9691
9692
9699
9701
9704
9707
9707
9715
9715
9719
9721
9725
9727
9729
9741
9742
9745
9746
9752
9757
9766
9767
9771
9773
9775
9786
9789
9790
9796
9802
9803
9810
9811
9812
9815
9819
9822
9827
9828
9828
9829
9833
9834
9843
9854
9856
9857
9859
9860
9861
9863
9866
9873
9874
9875
9875
9879
9880
9882
9888
9889
9891
9892
9895
9895
9914
9919
9921
9923
9924
9925
9930
9932
9935
9941
9942
9944
9950
9959
9962
9968
9971
9973
9980
9984
9984
9997
9998
10003
10011
10013
10014
10019
10021
10021
10022
10023
10031
10033
10034
10035
10035
10035
10042
10042
10045
10047
10053
10054
10056
10066
10066
10068
10068
10071
10077
10083
10089
10091
10091
10098
10098
10099
10100
10101
10104
10104
10108
10109
10113
10113
10116
10120
10122
10129
10131
10135
10135
10137
10140
10153
10161
10171
10172
10173
10183
10185
10189
10199
10200
10200
10203
10212
10214
10220
10221
10226
10228
10228
10229
10246
10249
10250
10252
10252
10254
10257
10259
10269
10271
10274
10277
10278
10280
10280
10283
10286
10296
10300
10302
10314
10317
10318
10326
10330
10331
10335
10336
10337
10337
10338
10341
10341
10346
10346
10349
10352
10358
10358
10359
10359
10359
10363
10363
10366
10367
10368
10371
10375
10378
10381
10382
10382
10383
10390
10394
10396
10398
10404
10406
10407
10408
10409
10410
10412
10413
10415
10416
10420
10426
10428
10429
10433
10437
10438
10438
10440
10442
10447
10453
10457
10458
10458
10458
10470
10472
10479
10481
10482
10486
10486
10486
10489
10491
10493
10494
10495
10498
10500
10503
10504
10507
10512
10514
10518
10524
10530
10531
10531
10533
10534
10534
10537
10538
10539
10541
10542
10542
10567
10567
10568
10572
10573
10574
10581
10583
10583
10586
10591
10595
10595
10596
10597
10599
10605
10607
10612
10614
10616
10620
10620
10622
10625
10632
10632
10634
10642
10643
10644
10646
10647
10653
10660
10662
10667
10670
10672
10677
10685
10685
10688
10691
10691
10698
10698
10703
10705
10707
10707
10710
10711
10727
10728
10736
10736
10738
10742
10749
10759
10763
10765
10767
10768
10770
10771
10771
10779
10786
10791
10793
10797
10798
10805
10806
10811
10814
10816
10829
10830
10830
10832
10835
10841
10844
10845
10852
10853
10861
10866
10874
10874
10879
10882
10882
10883
10886
10887
10896
10897
10900
10901
10904
10905
10906
10906
10912
10915
10916
10921
10928
10929
10931
10935
10936
10936
10941
10944
10953
10953
10954
10959
10960
10963
10965
10969
10972
10977
10984
11015
11016
11016
11021
11036
11039
11040
11041
11047
11052
11053
11053
11055
11056
11062
11075
11075
11077
11082
11082
11086
11087
11087
11088
11103
11103
11104
11105
11107
11107
11109
11110
11111
11112
11114
11117
11126
11127
11130
11131
11138
11140
11140
11141
11141
11147
11150
11157
11157
11163
11165
11183
11184
11184
11194
11194
11196
11205
11207
11210
11214
11214
11218
11219
11225
11234
11236
11237
11238
11251
11251
11252
11265
11268
11284
11296
11296
11300
11301
11303
11305
11306
11306
11308
11309
11311
11321
11322
11323
11327
11333
11348
11354
11355
11359
11359
11364
11373
11377
11378
11379
11379
11385
11386
11386
11386
11387
11389
11390
11392
11394
11394
11399
11400
11402
11404
11411
11413
11428
11428
11430
11432
11433
11433
11435
11437
11438
11438
11439
11441
11447
11449
11457
11460
11468
11470
11473
11477
11482
11485
11486
11494
11508
11509
11515
11519
11521
11528
11529
11530
11536
11544
11549
11552
11554
11554
11559
11562
11566
11571
11573
11574
11578
11581
11587
11591
11592
11596
11601
11604
11607
11617
11623
11627
11627
11629
11631
11631
11635
11638
11639
11639
11646
11648
11657
11662
11663
11663
11668
11671
11674
11676
11681
11681
11681
11682
11684
11685
11685
11685
11691
11692
11692
11699
11701
11703
11705
11709
11721
11724
11733
11738
11748
11752
11757
11761
11767
11769
11774
11774
11776
11777
11786
11793
11793
11793
11796
11796
11796
11798
11800
11801
11804
11806
11809
11809
11809
11809
11810
11811
11814
11819
11822
11822
11822
11823
11824
11828
11829
11833
11834
11835
11836
11837
11844
11853
11856
11856
11857
11864
11865
11868
11869
11874
11877
11879
11884
11886
11890
11891
11896
11896
11900
11908
11912
11912
11921
11921
11930
11930
11932
11932
11933
11934
11935
11936
11942
11944
11944
11948
11951
11952
11959
11967
11972
11974
11975
11976
11979
11982
11988
12005
12007
12007
12009
12019
12022
12022
12024
12024
12032
12035
12037
12041
12042
12044
12046
12061
12063
12067
12069
12073
12075
12078
12078
12078
12085
12086
12091
12092
12094
12096
12099
12100
12104
12104
12109
12114
12114
12120
12121
12121
12121
12122
12134
12135
12136
12137
12140
12140
12141
12145
12146
12151
12153
12156
12158
12159
12162
12163
12164
12165
12165
12166
12167
12168
12169
12169
12169
12170
12170
12175
12182
12185
12190
12191
12199
12203
12208
12214
12222
12222
12231
12232
12236
12237
12240
12241
12244
12246
12247
12250
12250
12251
12251
12252
12253
12255
12260
12261
12263
12266
12272
12272
12274
12274
12278
12282
12283
12286
12293
12294
12294
12296
12298
12298
12300
12302
12302
12308
12308
12311
12311
12316
12318
12331
12333
12334
12335
12347
12354
12361
12363
12367
12367
12369
12374
12375
12376
12384
12384
12387
12388
12389
12389
12389
12392
12394
12395
12404
12408
12412
12416
12417
12420
12425
12430
12432
12432
12434
12440
12443
12446
12449
12449
12452
12452
12459
12460
12461
12463
12464
12473
12481
12481
12484
12484
12491
12492
12495
12496
12496
12497
12498
12498
12505
12507
12524
12527
12529
12545
12545
12545
12551
12559
12563
12564
12569
12570
12570
12575
12577
12578
12580
12595
12601
12603
12605
12614
12616
12616
12617
12622
12624
12632
12632
12637
12637
12642
12642
12644
12652
12653
12657
12658
12660
12661
12668
12672
12680
12680
12683
12686
12687
12689
12690
12690
12690
12691
12692
12706
12708
12712
12713
12715
12724
12728
12729
12729
12736
12737
12743
12744
12745
12751
12753
12754
12755
12757
12761
12768
12772
12784
12786
12788
12788
12793
12797
12803
12803
12806
12807
12810
12822
12822
12823
12830
12832
12836
12841
12843
12843
12845
12845
12846
12846
12847
12850
12854
12854
12856
12858
12872
12873
12873
12873
12876
12876
12877
12881
12883
12888
12890
12896
12898
12899
12900
12908
12911
12914
12917
12921
12925
12925
12929
12935
12937
12938
12939
12943
12947
12953
12955
12959
12960
12960
12965
12967
12974
12977
12979
12981
12984
12986
12988
12990
12996
13000
13005
13008
13009
13010
13011
13012
13016
13016
13019
13023
13023
13024
13029
13033
13035
13041
13045
13051
13057
13069
13070
13075
13081
13081
13082
13083
13084
13084
13085
13085
13086
13089
13089
13091
13101
13103
13104
13114
13117
13117
13118
13118
13126
13127
13129
13131
13133
13137
13137
13152
13154
13156
13156
13157
13166
13170
13176
13181
13186
13191
13199
13204
13208
13212
13215
13223
13223
13229
13236
13236
13240
13245
13245
13249
13252
13256
13263
13266
13267
13268
13271
13271
13272
13273
13282
13283
13291
13293
13295
13297
13300
13300
13301
13303
13306
13308
13310
13314
13314
13314
13315
13324
13327
13340
13342
13349
13357
13359
13365
13368
13369
13371
13371
13372
13372
13376
13377
13381
13381
13390
13394
13397
13401
13421
13422
13426
13433
13440
13443
13443
13443
13446
13446
13447
13449
13449
13452
13454
13455
13456
13462
13463
13463
13467
13467
13476
13478
13491
13496
13499
13503
13510
13519
13520
13520
13525
13527
13532
13542
13544
13547
13560
13561
13567
13568
13569
13569
13569
13573
13576
13581
13584
13591
13596
13601
13601
13603
13611
13616
13620
13620
13620
13624
13624
13629
13639
13641
13648
13650
13651
13656
13660
13667
13668
13668
13670
13673
13676
13677
13678
13679
13686
13688
13689
13690
13690
13702
13702
13704
13707
13707
13710
13713
13718
13718
13720
13724
13725
13736
13738
13738
13740
13747
13754
13755
13757
13758
13758
13759
13767
13767
13769
13770
13777
13777
13778
13781
13789
13789
13790
13796
13798
13804
13809
13810
13815
13825
13828
13838
13838
13841
13846
13859
13860
13861
13865
13867
13869
13871
13872
13876
13876
13879
13884
13888
13893
13902
13903
13905
13905
13911
13914
13918
13919
13920
13925
13927
13932
13933
13933
13933
13942
13943
13947
13949
13951
13951
13954
13956
13959
13961
13978
13982
13984
13989
14007
14008
14008
14010
14015
14018
14019
14022
14023
14026
14031
14032
14032
14036
14037
14038
14042
14046
14046
14046
14046
14048
14049
14051
14054
14054
14054
14064
14070
14072
14076
14077
14078
14081
14085
14096
14098
14099
14103
14108
14110
14112
14115
14117
14118
14118
14123
14124
14124
14127
14129
14132
14136
14139
14141
14142
14146
14146
14149
14154
14155
14155
14156
14158
14160
14162
14167
14172
14174
14179
14187
14188
14193
14199
14202
14203
14208
14212
14216
14217
14219
14239
14246
14248
14249
14250
14252
14255
14258
14259
14260
14263
14264
14264
14269
14271
14274
14275
14277
14279
14282
14282
14285
14288
14303
14305
14308
14311
14313
14314
14316
14330
14332
14339
14345
14345
14351
14352
14371
14373
14381
14385
14388
14397
14402
14404
14407
14408
14409
14410
14415
14416
14416
14420
14422
14423
14423
14430
14430
14432
14439
14445
14456
14458
14460
14462
14463
14468
14473
14477
14481
14483
14486
14497
14507
14510
14515
14516
14517
14519
14523
14525
14526
14533
14538
14540
14556
14556
14557
14561
14562
14573
14576
14586
14590
14595
14597
14598
14605
14609
14609
14617
14620
14625
14627
14627
14629
14631
14633
14634
14637
14641
14641
14642
14644
14644
14657
14664
14665
14666
14666
14666
14671
14675
14676
14688
14688
14694
14697
14698
14701
14708
14712
14714
14714
14717
14718
14726
14726
14729
14729
14730
14733
14735
14736
14736
14737
14738
14740
14745
14745
14746
14763
14765
14768
14770
14776
14779
14782
14803
14813
14814
14814
14815
14816
14825
14825
14827
14828
14828
14828
14835
14836
14839
14841
14841
14845
14855
14857
14858
14858
14865
14879
14882
14885
14887
14890
14892
14892
14893
14896
14902
14904
14916
14927
14933
14938
14944
14945
14946
14948
14949
14949
14954
14957
14961
14963
14967
14978
14980
14980
14981
14985
14988
14988
14990
15004
15004
15011
15011
15014
15016
15021
15027
15029
15030
15034
15035
15040
15044
15047
15050
15056
15060
15064
15064
15065
15070
15075
15078
15084
15090
15090
15094
15095
15096
15108
15112
15113
15113
15131
15133
15133
15133
15142
15146
15147
15173
15176
15182
15185
15187
15191
15192
15196
15199
15201
15203
15204
15205
15206
15207
15217
15219
15221
15223
15224
15235
15237
15246
15247
15247
15262
15262
15263
15264
15266
15269
15283
15293
15294
15297
15303
15304
15305
15306
15312
15312
15322
15327
15337
15340
15342
15349
15352
15353
15355
15357
15357
15359
15365
15371
15372
15373
15376
15377
15379
15379
15385
15388
15390
15399
15411
15416
15416
15423
15424
15425
15425
15426
15427
15435
15436
15438
15446
15447
15448
15453
15453
15456
15457
15458
15458
15459
15463
15465
15468
15469
15473
15476
15482
15483
15489
15494
15497
15498
15500
15501
15504
15508
15508
15508
15510
15510
15516
15518
15521
15522
15524
15529
15531
15533
15533
15535
15536
15537
15545
15547
15547
15553
15554
15561
15561
15563
15565
15568
15569
15571
15577
15579
15580
15585
15585
15586
15593
15593
15600
15620
15625
15629
15633
15635
15636
15638
15640
15646
15648
15649
15652
15655
15661
15662
15671
15672
15672
15685
15687
15688
15688
15694
15702
15702
15706
15708
15708
15709
15716
15717
15720
15722
15722
15724
15727
15730
15732
15738
15738
15739
15740
15740
15742
15746
15752
15758
15761
15764
15768
15772
15772
15773
15778
15781
15791
15793
15793
15800
15802
15809
15812
15812
15814
15815
15816
15820
15823
15827
15828
15831
15837
15851
15851
15852
15857
15869
15878
15884
15887
15888
15889
15893
15896
15896
15899
15905
15909
15913
15915
15915
15918
15922
15924
15935
15935
15935
15936
15941
15953
15955
15956
15959
15960
15961
15964
15965
15971
15971
15974
15977
15979
15981
15982
15983
15983
15987
15987
15989
15994
15994
16006
16007
16008
16008
16015
16016
16022
16022
16026
16028
16039
16049
16052
16054
16064
16064
16077
16079
16079
16080
16084
16091
16096
16097
16098
16107
16110
16118
16118
16120
16128
16128
16133
16134
16136
16142
16144
16147
16147
16148
16150
16150
16154
16168
16168
16174
16175
16176
16176
16177
16180
16186
16190
16191
16193
16194
16210
16211
16217
16221
16224
16229
16230
16231
16237
16238
16241
16245
16246
16249
16251
16253
16254
16260
16262
16269
16271
16273
16273
16274
16289
16291
16291
16292
16298
16302
16303
16306
16308
16311
16316
16320
16323
16325
16326
16329
16334
16337
16341
16347
16349
16353
16355
16357
16359
16362
16364
16365
16372
16374
16375
16375
16382
16384
16384
16387
16391
16394
16396
16396
16396
16396
16397
16398
16400
16401
16402
16403
16403
16407
16409
16413
16413
16413
16415
16415
16420
16426
16427
16429
16432
16443
16447
16451
16452
16455
16455
16457
16457
16460
16461
16467
16476
16477
16485
16485
16486
16489
16491
16494
16494
16495
16496
16496
16498
16499
16502
16502
16508
16514
16515
16516
16516
16522
16524
16526
16531
16532
16533
16539
16541
16542
16551
16552
16552
16553
16555
16557
16559
16563
16564
16566
16568
16568
16571
16574
16576
16578
16581
16584
16591
16591
16600
16603
16605
16605
16609
16613
16622
16624
16625
16628
16631
16632
16641
16642
16645
16646
16653
16661
16663
16669
16671
16673
16682
16682
16683
16693
16704
16707
16707
16711
16711
16712
16715
16721
16725
16727
16728
16730
16736
16741
16741
16750
16756
16758
16762
16765
16767
16772
16779
16788
16790
16792
16792
16794
16799
16801
16802
16807
16809
16809
16824
16824
16825
16829
16830
16830
16837
16839
16840
16844
16845
16849
16851
16858
16863
16876
16877
16878
16886
16888
16894
16895
16895
16896
16900
16905
16906
16908
16912
16917
16919
16924
16928
16929
16931
16935
16935
16938
16941
16944
16944
16944
16952
16954
16957
16958
16964
16984
16996
16996
16998
16999
17000
17002
17006
17008
17020
17023
17030
17040
17040
17043
17050
17051
17052
17063
17064
17070
17074
17074
17083
17085
17085
17091
17093
17097
17101
17115
17116
17117
17118
17119
17121
17125
17125
17128
17132
17135
17137
17138
17142
17150
17155
17158
17164
17164
17165
17166
17170
17170
17178
17180
17182
17184
17185
17187
17189
17190
17190
17191
17196
17197
17197
17203
17207
17211
17215
17217
17222
17222
17227
17232
17234
17235
17241
17247
17247
17247
17270
17270
17271
17272
17277
17286
17287
17293
17299
17301
17306
17309
17309
17309
17313
17314
17316
17322
17333
17337
17345
17347
17357
17363
17368
17372
17376
17382
17385
17387
17392
17395
17396
17397
17399
17400
17400
17400
17404
17410
17415
17423
17423
17424
17428
17429
17429
17433
17435
17436
17437
17443
17444
17452
17454
17455
17455
17455
17457
17458
17460
17465
17471
17473
17480
17482
17488
17502
17504
17509
17513
17513
17514
17515
17517
17532
17534
17534
17536
17540
17555
17556
17557
17559
17562
17568
17570
17576
17583
17585
17587
17588
17600
17603
17610
17612
17613
17613
17614
17614
17615
17619
17620
17620
17632
17633
17639
17640
17643
17645
17647
17649
17651
17655
17658
17670
17674
17677
17678
17686
17687
17687
17692
17692
17699
17701
17703
17704
17708
17713
17713
17715
17717
17719
17720
17727
17731
17731
17734
17738
17738
17739
17741
17748
17749
17750
17751
17762
17774
17777
17781
17783
17783
17783
17791
17795
17796
17798
17800
17802
17804
17804
17814
17824
17825
17826
17827
17831
17833
17840
17842
17844
17848
17849
17852
17854
17857
17862
17864
17868
17869
17869
17870
17871
17872
17873
17875
17882
17883
17884
17884
17890
17891
17894
17897
17903
17908
17908
17912
17916
17917
17919
17920
17934
17936
17938
17942
17945
17947
17947
17948
17948
17948
17949
17951
17957
17958
17963
17967
17972
17978
17979
17980
17982
17985
17988
17994
17996
18001
18005
18009
18013
18014
18020
18020
18024
18026
18028
18036
18044
18046
18054
18059
18062
18063
18063
18066
18073
18074
18078
18083
18084
18087
18090
18093
18094
18094
18095
18095
18095
18099
18106
18106
18108
18113
18117
18120
18120
18121
18121
18125
18126
18127
18130
18132
18132
18139
18142
18147
18151
18157
18158
18158
18158
18161
18162
18170
18170
18174
18176
18179
18180
18187
18188
18189
18191
18192
18197
18199
18199
18206
18208
18208
18210
18214
18216
18217
18218
18222
18222
18225
18228
18228
18230
18235
18238
18239
18240
18240
18241
18242
18249
18255
18270
18275
18279
18280
18283
18284
18285
18286
18287
18298
18303
18310
18317
18317
18317
18323
18327
18329
18329
18329
18335
18335
18336
18339
18344
18345
18345
18354
18356
18360
18365
18366
18370
18371
18373
18374
18376
18380
18383
18383
18384
18386
18391
18398
18403
18410
18413
18419
18421
18422
18425
18425
18426
18429
18433
18437
18439
18445
18447
18448
18450
18459
18462
18464
18466
18466
18488
18488
18489
18490
18490
18493
18497
18498
18505
18525
18528
18531
18541
18545
18546
18547
18551
18552
18552
18554
18558
18559
18570
18572
18579
18582
18585
18594
18595
18602
18614
18620
18621
18622
18633
18636
18639
18642
18642
18647
18648
18650
18654
18656
18658
18662
18672
18678
18678
18679
18679
18683
18685
18685
18687
18690
18697
18700
18700
18700
18701
18701
18705
18708
18711
18713
18719
18720
18721
18725
18728
18730
18735
18738
18739
18739
18740
18744
18771
18776
18782
18783
18787
18787
18794
18795
18797
18798
18803
18803
18803
18808
18812
18817
18818
18819
18824
18825
18826
18829
18836
18843
18846
18846
18851
18851
18855
18857
18857
18864
18865
18866
18869
18874
18877
18879
18882
18883
18887
18887
18899
18903
18908
18910
18914
18916
18922
18923
18927
18928
18930
18931
18935
18935
18935
18935
18940
18944
18944
18944
18945
18946
18947
18950
18951
18955
18957
18960
18965
18967
18973
18979
18980
18987
18988
18993
18995
18997
18998
19001
19002
19005
19009
19010
19014
19015
19019
19019
19022
19022
19034
19035
19036
19042
19047
19059
19060
19062
19072
19074
19074
19077
19077
19079
19083
19084
19085
19088
19088
19101
19101
19102
19102
19104
19108
19115
19115
19115
19115
19115
19115
19117
19120
19124
19135
19142
19143
19144
19151
19151
19155
19165
19166
19169
19173
19176
19184
19184
19186
19188
19191
19193
19196
19204
19209
19219
19220
19223
19223
19225
19235
19237
19238
19243
19243
19245
19249
19251
19254
19259
19263
19270
19271
19273
19281
19288
19290
19298
19302
19306
19307
19312
19318
19327
19328
19328
19332
19333
19335
19336
19338
19339
19341
19343
19346
19349
19352
19353
19356
19365
19366
19370
19383
19389
19391
19392
19393
19395
19397
19398
19403
19403
19405
19410
19411
19423
19425
19427
19428
19429
19432
19433
19435
19439
19446
19449
19453
19465
19480
19485
19486
19488
19488
19493
19494
19496
19498
19502
19502
19506
19512
19515
19515
19516
19521
19525
19536
19537
19539
19539
19540
19540
19541
19542
19543
19548
19549
19552
19556
19564
19565
19570
19571
19577
19578
19583
19586
19595
19598
19598
19599
19602
19604
19605
19607
19610
19614
19624
19624
19627
19635
19646
19656
19656
19657
19657
19662
19665
19665
19669
19681
19682
19685
19685
19692
19703
19704
19705
19706
19712
19719
19733
19736
19738
19740
19740
19740
19743
19746
19749
19752
19758
19759
19766
19766
19769
19773
19775
19777
19784
19785
19785
19788
19788
19795
19797
19800
19807
19809
19812
19814
19815
19815
19824
19827
19829
19833
19835
19835
19843
19844
19846
19848
19862
19863
19864
19867
19868
19870
19877
19883
19883
19884
19885
19887
19903
19909
19910
19912
19919
19920
19921
19923
19929
19930
19943
19943
19948
19952
19953
19956
19958
19961
19961
19963
19964
19965
19965
19966
19971
19979
19983
19983
19983
19984
19985
19996
19997
19999
20003
20004
20011
20015
20016
20018
20019
20021
20022
20032
20040
20052
20055
20066
20071
20072
20075
20077
20080
20081
20083
20089
20094
20095
20098
20103
20105
20106
20114
20119
20129
20136
20142
20149
20151
20151
20160
20160
20161
20164
20169
20173
20177
20185
20186
20187
20195
20201
20204
20212
20215
20216
20218
20221
20230
20231
20236
20236
20237
20242
20243
20245
20245
20248
20254
20254
20259
20262
20264
20266
20269
20274
20278
20279
20280
20281
20283
20285
20286
20287
20295
20297
20304
20306
20307
20312
20315
20317
20317
20326
20328
20330
20346
20355
20359
20360
20367
20367
20368
20368
20369
20376
20379
20380
20387
20390
20392
20402
20403
20408
20414
20414
20415
20418
20418
20421
20421
20424
20426
20427
20427
20428
20429
20431
20432
20440
20442
20446
20454
20459
20465
20466
20472
20474
20482
20482
20483
20489
20490
20494
20496
20499
20501
20506
20507
20507
20508
20514
20525
20525
20530
20532
20541
20543
20544
20549
20549
20556
20557
20564
20567
20569
20573
20577
20580
20585
20594
20596
20598
20601
20601
20603
20608
20612
20613
20613
20620
20622
20623
20624
20624
20625
20628
20629
20632
20633
20637
20643
20644
20646
20648
20648
20651
20652
20654
20655
20656
20658
20658
20660
20683
20692
20693
20696
20696
20699
20701
20704
20705
20706
20708
20708
20710
20711
20711
20712
20713
20713
20716
20719
20726
20734
20738
20738
20739
20746
20754
20758
20777
20777
20778
20778
20787
20787
20792
20799
20807
20809
20816
20817
20821
20826
20832
20833
20836
20837
20845
20845
20846
20855
20856
20856
20861
20861
20865
20865
20874
20885
20885
20895
20899
20900
20901
20901
20909
20911
20915
20915
20918
20920
20923
20924
20932
20934
20948
20952
20955
20956
20958
20961
20962
20973
20978
20980
20981
20985
20985
20988
20991
20992
20992
20993
20997
21011
21018
21020
21022
21022
21025
21028
21034
21037
21041
21050
21050
21056
21059
21065
21066
21067
21073
21079
21080
21082
21084
21086
21089
21091
21092
21094
21096
21099
21105
21106
21115
21117
21123
21123
21128
21134
21135
21136
21141
21142
21148
21148
21155
21159
21162
21165
21167
21170
21177
21178
21178
21182
21187
21192
21195
21197
21200
21200
21203
21204
21213
21213
21216
21220
21221
21226
21232
21239
21248
21251
21262
21262
21267
21280
21285
21288
21290
21290
21294
21295
21298
21299
21306
21310
21315
21321
21323
21325
21333
21336
21343
21345
21348
21352
21352
21353
21353
21354
21355
21355
21363
21364
21368
21368
21371
21376
21382
21383
21390
21391
21391
21392
21405
21408
21408
21413
21415
21416
21417
21417
21418
21419
21431
21433
21433
21434
21440
21440
21444
21447
21454
21458
21460
21461
21464
21466
21469
21470
21470
21475
21475
21476
21479
21484
21487
21488
21494
21500
21501
21508
21511
21516
21521
21526
21527
21541
21546
21546
21547
21550
21553
21558
21558
21558
21560
21563
21565
21571
21571
21573
21573
21581
21585
21586
21591
21599
21600
21600
21604
21607
21608
21609
21614
21623
21626
21631
21634
21635
21637
21644
21650
21651
21654
21657
21658
21659
21663
21672
21681
21681
21686
21688
21688
21695
21697
21703
21704
21706
21708
21720
21731
21731
21731
21733
21734
21734
21741
21744
21754
21759
21772
21775
21779
21780
21784
21785
21786
21787
21787
21788
21789
21789
21798
21805
21807
21814
21815
21815
21821
21823
21827
21827
21830
21835
21839
21842
21846
21854
21857
21858
21861
21872
21877
21879
21880
21885
21888
21892
21893
21895
21897
21897
21905
21907
21909
21909
21916
21917
21918
21920
21922
21923
21924
21931
21935
21940
21945
21946
21947
21956
21962
21963
21965
21968
21972
21978
21982
21986
21994
21995
21998
21999
22000
22007
22009
22012
22013
22017
22018
22021
22022
22023
22025
22027
22030
22036
22039
22039
22041
22042
22044
22046
22050
22052
22057
22066
22079
22083
22087
22088
22091
22092
22092
22093
22097
22098
22098
22103
22105
22111
22115
22116
22120
22123
22130
22133
22145
22148
22150
22151
22153
22155
22161
22166
22167
22168
22169
22169
22174
22175
22176
22177
22177
22188
22191
22197
22199
22202
22216
22217
22217
22218
22219
22220
22224
22232
22236
22238
22239
22242
22245
22247
22250
22252
22264
22271
22272
22277
22289
22292
22294
22297
22299
22300
22306
22307
22320
22321
22323
22323
22324
22329
22329
22338
22343
22351
22353
22362
22373
22378
22379
22379
22380
22386
22387
22393
22393
22393
22399
22401
22401
22404
22407
22419
22420
22425
22425
22430
22432
22434
22440
22447
22447
22451
22455
22464
22466
22467
22470
22474
22476
22480
22482
22485
22487
22489
22492
22505
22511
22514
22518
22522
22523
22527
22531
22534
22538
22542
22546
22551
22563
22563
22564
22575
22578
22587
22597
22598
22601
22604
22605
22606
22606
22609
22633
22633
22634
22635
22637
22638
22644
22644
22656
22659
22660
22660
22663
22666
22670
22671
22674
22684
22688
22693
22693
22700
22707
22710
22712
22717
22717
22718
22722
22726
22726
22728
22737
22737
22739
22743
22747
22757
22757
22758
22775
22780
22782
22791
22795
22798
22801
22802
22813
22817
22818
22821
22823
22830
22831
22831
22833
22839
22842
22844
22849
22850
22855
22860
22867
22868
22870
22872
22876
22883
22884
22890
22893
22894
22894
22894
22899
22901
22902
22903
22909
22912
22916
22922
22928
22933
22937
22942
22945
22948
22950
22950
22950
22953
22959
22960
22964
22966
22972
22973
22986
22986
22988
22989
22993
22995
22996
23001
23004
23006
23007
23013
23020
23023
23027
23029
23030
23033
23034
23040
23042
23043
23047
23048
23052
23053
23054
23056
23062
23063
23070
23071
23077
23089
23089
23093
23094
23096
23097
23097
23098
23098
23099
23100
23100
23102
23103
23108
23111
23113
23115
23115
23121
23121
23125
23126
23129
23132
23138
23139
23141
23142
23142
23146
23148
23149
23150
23160
23167
23180
23181
23192
23198
23199
23202
23210
23212
23214
23215
23215
23220
23221
23225
23225
23226
23228
23228
23234
23235
23240
23243
23244
23247
23255
23260
23261
23265
23265
23269
23272
23273
23276
23278
23278
23284
23290
23292
23295
23297
23299
23300
23301
23304
23312
23314
23316
23317
23319
23320
23322
23331
23336
23338
23346
23357
23361
23361
23363
23367
23375
23378
23378
23381
23382
23391
23394
23397
23401
23404
23406
23412
23413
23416
23418
23419
23422
23426
23430
23432
23435
23436
23439
23441
23448
23450
23451
23452
23453
23455
23457
23459
23460
23462
23463
23465
23468
23469
23484
23489
23490
23493
23495
23504
23510
23511
23511
23519
23522
23522
23544
23546
23548
23548
23563
23564
23564
23575
23576
23580
23583
23590
23594
23598
23602
23605
23607
23612
23614
23614
23615
23616
23621
23622
23625
23627
23631
23633
23634
23638
23642
23643
23644
23662
23663
23665
23670
23672
23675
23677
23683
23687
23688
23691
23692
23692
23704
23706
23712
23712
23715
23730
23731
23738
23739
23740
23742
23744
23753
23755
23763
23763
23771
23778
23778
23779
23786
23786
23788
23789
23790
23794
23798
23798
23799
23804
23804
23810
23811
23823
23823
23826
23826
23829
23829
23830
23831
23835
23837
23838
23839
23843
23844
23847
23850
23857
23857
23859
23863
23864
23873
23882
23890
23893
23895
23898
23903
23907
23908
23910
23910
23913
23914
23917
23922
23932
23934
23935
23939
23940
23945
23948
23948
23949
23949
23958
23962
23968
23969
23971
23976
23981
23983
23984
23986
23988
23990
23993
23994
23994
23997
23997
23999
24004
24013
24014
24019
24019
24025
24025
24028
24029
24031
24032
24033
24036
24037
24047
24048
24053
24053
24062
24066
24066
24069
24070
24073
24079
24079
24085
24086
24087
24093
24094
24096
24099
24100
24101
24102
24104
24106
24109
24113
24117
24119
24125
24127
24127
24128
24133
24139
24141
24149
24154
24154
24158
24162
24166
24169
24169
24171
24174
24175
24177
24177
24178
24182
24183
24193
24195
24200
24201
24203
24204
24216
24218
24218
24228
24228
24229
24230
24232
24232
24234
24247
24253
24258
24268
24269
24279
24280
24281
24282
24287
24288
24294
24303
24310
24312
24313
24316
24324
24328
24334
24335
24335
24338
24341
24343
24346
24351
24353
24353
24358
24361
24364
24369
24386
24388
24393
24396
24397
24400
24405
24407
24407
24407
24409
24411
24417
24418
24422
24422
24424
24425
24429
24433
24433
24434
24434
24438
24443
24449
24455
24455
24456
24456
24463
24464
24466
24470
24471
24472
24472
24477
24478
24480
24482
24483
24484
24493
24501
24506
24506
24509
24510
24512
24514
24518
24520
24525
24531
24536
24541
24541
24544
24545
24545
24552
24556
24557
24559
24572
24578
24579
24580
24585
24586
24601
24603
24603
24609
24611
24614
24614
24623
24625
24625
24628
24628
24631
24632
24643
24643
24644
24646
24652
24657
24659
24663
24663
24664
24667
24668
24673
24674
24676
24678
24681
24682
24682
24683
24684
24690
24690
24692
24695
24700
24704
24708
24709
24712
24718
24719
24730
24730
24732
24737
24742
24749
24754
24761
24762
24772
24774
24775
24775
24777
24779
24780
24784
24786
24790
24804
24808
24812
24820
24821
24822
24823
24832
24832
24843
24850
24850
24854
24854
24859
24869
24870
24872
24881
24884
24884
24885
24892
24893
24898
24899
24901
24901
24910
24921
24925
24928
24928
24937
24941
24944
24949
24952
24954
24955
24956
24957
24961
24962
24968
24970
24977
24979
24982
24985
24992
24994
24995
24998
25003
25006
25015
25017
25018
25021
25022
25022
25024
25025
25027
25027
25032
25033
25043
25043
25046
25053
25055
25063
25068
25070
25070
25071
25072
25073
25083
25089
25095
25097
25100
25106
25106
25107
25107
25109
25112
25114
25118
25118
25120
25121
25124
25132
25135
25137
25137
25138
25138
25139
25141
25142
25148
25149
25152
25159
25164
25165
25167
25176
25179
25180
25180
25181
25183
25186
25188
25189
25194
25202
25211
25218
25219
25221
25229
25236
25238
25242
25247
25247
25250
25251
25258
25260
25261
25262
25265
25268
25268
25277
25278
25286
25289
25294
25294
25295
25296
25297
25302
25302
25306
25310
25314
25319
25323
25329
25329
25331
25337
25342
25345
25346
25349
25353
25358
25365
25366
25371
25372
25372
25375
25380
25381
25382
25389
25390
25393
25393
25395
25398
25401
25406
25409
25419
25420
25421
25425
25427
25430
25432
25433
25435
25438
25439
25445
25446
25448
25451
25452
25456
25457
25469
25478
25479
25493
25494
25496
25496
25499
25500
25507
25518
25530
25532
25535
25537
25537
25540
25544
25545
25548
25548
25559
25562
25565
25567
25573
25595
25601
25605
25605
25607
25608
25610
25614
25614
25615
25615
25616
25619
25623
25625
25625
25630
25630
25632
25635
25635
25636
25642
25647
25649
25660
25661
25663
25665
25669
25670
25676
25679
25680
25688
25703
25707
25709
25711
25713
25721
25723
25726
25733
25735
25737
25750
25751
25757
25758
25762
25763
25764
25765
25765
25769
25769
25772
25778
25779
25780
25782
25786
25787
25790
25795
25805
25806
25811
25814
25815
25815
25819
25820
25820
25823
25829
25831
25833
25839
25845
25849
25849
25857
25858
25860
25869
25871
25873
25873
25875
25878
25878
25881
25881
25885
25887
25892
25896
25896
25897
25899
25900
25903
25905
25911
25918
25920
25924
25925
25926
25928
25929
25936
25940
25942
25949
25953
25955
25956
25957
25962
25966
25974
25975
25980
25981
25984
25990
25997
25998
26004
26006
26008
26009
26011
26013
26013
26018
26020
26025
26027
26039
26040
26044
26049
26050
26051
26052
26055
26066
26069
26072
26076
26086
26089
26090
26090
26094
26098
26100
26104
26107
26110
26110
26116
26116
26119
26124
26125
26126
26127
26130
26134
26136
26137
26138
26142
26145
26152
26155
26155
26159
26163
26164
26165
26167
26167
26168
26175
26181
26182
26182
26188
26189
26197
26198
26202
26208
26211
26213
26219
26225
26226
26228
26236
26237
26238
26238
26239
26242
26242
26243
26244
26247
26247
26255
26259
26260
26262
26270
26273
26275
26279
26285
26286
26290
26296
26298
26299
26302
26305
26308
26316
26317
26317
26318
26320
26323
26325
26326
26327
26329
26332
26339
26343
26343
26347
26350
26354
26355
26359
26361
26364
26369
26371
26376
26378
26378
26384
26388
26388
26391
26393
26396
26396
26400
26404
26406
26407
26408
26409
26412
26414
26419
26420
26420
26423
26430
26431
26431
26442
26443
26445
26451
26451
26457
26461
26466
26471
26473
26474
26477
26484
26490
26490
26499
26509
26512
26514
26517
26519
26520
26524
26525
26528
26531
26539
26541
26542
26546
26546
26549
26549
26550
26551
26551
26555
26560
26560
26567
26570
26571
26572
26573
26577
26579
26581
26586
26592
26592
26594
26595
26607
26608
26610
26611
26621
26628
26630
26630
26635
26642
26652
26656
26659
26668
26669
26670
26673
26675
26675
26675
26678
26688
26691
26691
26696
26721
26723
26727
26730
26731
26737
26742
26743
26743
26745
26749
26755
26760
26761
26764
26765
26777
26779
26779
26783
26790
26790
26791
26794
26794
26794
26795
26799
26805
26813
26815
26820
26822
26822
26826
26833
26836
26837
26838
26840
26843
26844
26845
26847
26850
26850
26850
26850
26857
26860
26862
26864
26864
26870
26875
26877
26880
26881
26884
26885
26885
26903
26908
26911
26916
26919
26920
26921
26925
26931
26931
26931
26936
26940
26941
26943
26946
26955
26956
26962
26964
26965
26966
26968
26978
26987
26987
26990
26990
27000
27000
27001
27002
27003
27007
27008
27008
27010
27026
27033
27034
27036
27036
27039
27047
27053
27054
27060
27061
27061
27064
27064
27065
27065
27066
27068
27072
27074
27081
27081
27089
27090
27092
27096
27102
27110
27117
27124
27127
27129
27135
27137
27164
27166
27167
27168
27173
27174
27180
27180
27186
27186
27188
27190
27204
27210
27214
27218
27220
27221
27223
27223
27225
27226
27232
27235
27236
27236
27237
27237
27240
27240
27240
27248
27260
27260
27263
27271
27271
27279
27288
27296
27298
27301
27302
27306
27309
27312
27315
27317
27320
27323
27330
27331
27332
27333
27335
27336
27339
27344
27345
27349
27359
27363
27364
27364
27370
27373
27377
27384
27389
27389
27391
27394
27395
27404
27410
27411
27418
27422
27426
27427
27431
27431
27432
27432
27434
27434
27437
27444
27447
27452
27452
27453
27453
27455
27455
27463
27463
27463
27472
27480
27482
27488
27489
27490
27493
27500
27501
27501
27507
27509
27512
27515
27516
27516
27516
27519
27526
27527
27528
27532
27537
27539
27540
27544
27547
27553
27553
27556
27556
27557
27557
27558
27573
27574
27574
27577
27581
27583
27583
27591
27597
27600
27602
27606
27608
27610
27611
27611
27613
27614
27617
27618
27622
27623
27625
27626
27626
27628
27633
27634
27639
27643
27646
27647
27649
27649
27658
27660
27664
27673
27674
27683
27685
27689
27690
27691
27698
27699
27699
27700
27703
27703
27708
27708
27713
27715
27718
27719
27721
27723
27725
27728
27731
27735
27740
27744
27745
27749
27752
27761
27762
27762
27764
27769
27773
27774
27777
27780
27784
27785
27786
27791
27795
27797
27804
27804
27807
27819
27821
27822
27823
27825
27826
27827
27828
27829
27834
27834
27838
27838
27845
27853
27853
27854
27855
27861
27863
27863
27867
27869
27869
27877
27881
27887
27889
27893
27897
27900
27903
27905
27910
27911
27915
27918
27921
27923
27928
27930
27934
27934
27941
27943
27944
27944
27948
27954
27961
27962
27963
27964
27970
27971
27973
27975
27992
27996
27998
27999
28001
28005
28006
28007
28011
28012
28012
28015
28018
28022
28030
28036
28039
28040
28043
28043
28051
28053
28054
28055
28056
28058
28062
28071
28072
28076
28076
28080
28086
28094
28096
28105
28109
28109
28111
28112
28112
28116
28117
28118
28121
28128
28133
28134
28136
28137
28138
28140
28143
28146
28152
28154
28175
28175
28176
28176
28177
28178
28181
28182
28194
28194
28196
28201
28202
28206
28209
28213
28225
28227
28230
28233
28236
28237
28238
28241
28248
28248
28250
28254
28258
28273
28275
28284
28285
28289
28290
28291
28292
28293
28295
28301
28302
28302
28304
28308
28311
28311
28314
28314
28314
28318
28323
28324
28325
28325
28329
28332
28334
28334
28336
28341
28354
28356
28356
28359
28363
28363
28371
28372
28374
28379
28379
28380
28381
28386
28386
28387
28387
28391
28391
28393
28402
28404
28405
28406
28410
28412
28413
28416
28425
28434
28435
28436
28438
28440
28448
28450
28455
28457
28463
28466
28473
28476
28478
28479
28489
28491
28494
28494
28497
28497
28499
28501
28502
28504
28504
28509
28517
28523
28523
28525
28527
28527
28529
28533
28534
28536
28538
28539
28543
28544
28547
28548
28549
28550
28553
28555
28555
28556
28558
28566
28566
28567
28567
28568
28572
28574
28577
28586
28587
28593
28594
28596
28601
28602
28606
28609
28612
28618
28618
28621
28623
28624
28627
28629
28637
28641
28644
28645
28648
28658
28666
28673
28676
28678
28679
28680
28682
28684
28689
28689
28693
28694
28694
28697
28697
28703
28704
28709
28711
28712
28716
28734
28737
28746
28748
28752
28754
28755
28758
28761
28765
28766
28773
28778
28784
28786
28788
28789
28789
28800
28801
28801
28801
28806
28809
28812
28818
28819
28820
28820
28821
28829
28831
28832
28835
28837
28838
28838
28839
28844
28844
28845
28846
28848
28854
28855
28857
28862
28865
28865
28866
28876
28876
28882
28890
28890
28894
28896
28899
28899
28903
28908
28920
28927
28928
28935
28936
28940
28962
28964
28966
28967
28968
28971
28980
28980
28991
29001
29002
29002
29004
29012
29013
29016
29021
29030
29030
29031
29039
29039
29041
29042
29043
29046
29047
29048
29050
29051
29053
29057
29057
29063
29065
29078
29079
29085
29087
29089
29090
29091
29091
29096
29100
29102
29107
29112
29113
29113
29120
29127
29131
29141
29143
29144
29147
29149
29153
29153
29157
29166
29171
29197
29200
29203
29203
29204
29204
29205
29216
29220
29221
29222
29223
29232
29238
29240
29243
29245
29250
29250
29255
29256
29257
29261
29263
29265
29271
29276
29278
29278
29281
29287
29289
29290
29293
29294
29295
29303
29303
29308
29311
29313
29314
29315
29322
29323
29325
29325
29328
29332
29338
29338
29346
29350
29351
29356
29357
29371
29376
29385
29385
29386
29386
29399
29399
29400
29404
29407
29415
29416
29423
29427
29433
29434
29438
29441
29443
29443
29446
29449
29450
29451
29451
29455
29458
29468
29469
29473
29474
29480
29494
29495
29495
29496
29502
29506
29511
29514
29522
29523
29529
29536
29543
29548
29550
29553
29553
29554
29555
29556
29559
29566
29568
29569
29574
29575
29576
29578
29582
29584
29592
29596
29597
29601
29606
29607
29609
29614
29614
29621
29629
29632
29632
29632
29638
29640
29642
29646
29656
29657
29659
29670
29672
29674
29680
29680
29682
29683
29686
29688
29693
29693
29700
29700
29702
29706
29708
29712
29713
29713
29718
29721
29727
29727
29728
29732
29736
29737
29737
29738
29741
29744
29746
29747
29751
29752
29752
29754
29754
29759
29760
29765
29765
29776
29778
29779
29784
29786
29786
29787
29793
29793
29799
29802
29805
29809
29813
29813
29814
29821
29823
29823
29827
29828
29829
29834
29840
29841
29851
29857
29859
29868
29880
29888
29890
29898
29899
29901
29904
29906
29912
29917
29922
29922
29924
29925
29926
29926
29928
29928
29929
29934
29937
29939
29942
29944
29954
29954
29964
29968
29970
29970
29971
29972
29977
29990
29991
29995
29995
29998
29999
30005
30006
30008
30014
30021
30024
30026
30027
30028
30031
30034
30038
30045
30046
30050
30050
30051
30054
30057
30059
30068
30069
30069
30070
30074
30085
30091
30091
30097
30106
30110
30114
30118
30121
30129
30136
30136
30155
30162
30165
30166
30167
30168
30171
30172
30176
30180
30180
30181
30182
30193
30196
30199
30203
30207
30212
30215
30219
30221
30241
30242
30245
30249
30250
30252
30258
30259
30261
30266
30267
30268
30280
30285
30286
30288
30290
30295
30301
30302
30305
30306
30306
30309
30310
30322
30326
30327
30344
30351
30353
30354
30355
30358
30361
30365
30370
30371
30372
30384
30386
30387
30387
30389
30389
30394
30395
30396
30397
30401
30401
30409
30413
30418
30423
30425
30430
30430
30432
30435
30437
30442
30447
30447
30451
30464
30468
30470
30473
30482
30484
30484
30485
30490
30499
30502
30502
30506
30506
30507
30510
30511
30512
30517
30520
30521
30522
30522
30522
30525
30526
30530
30533
30534
30539
30539
30542
30547
30549
30564
30570
30573
30574
30579
30585
30588
30597
30599
30604
30607
30612
30612
30613
30614
30619
30625
30626
30635
30636
30638
30641
30642
30645
30646
30646
30646
30648
30651
30652
30653
30653
30659
30666
30666
30669
30675
30676
30678
30682
30685
30687
30688
30688
30691
30691
30695
30695
30699
30705
30706
30712
30714
30717
30718
30721
30721
30724
30730
30731
30734
30740
30741
30743
30746
30748
30755
30756
30761
30764
30772
30772
30773
30780
30782
30783
30784
30789
30790
30792
30795
30796
30798
30799
30802
30802
30805
30806
30808
30809
30813
30814
30816
30817
30819
30827
30828
30831
30839
30839
30841
30843
30843
30844
30845
30845
30846
30860
30863
30863
30863
30869
30871
30873
30880
30882
30887
30888
30895
30902
30905
30907
30907
30911
30921
30929
30932
30936
30940
30941
30948
30950
30952
30957
30965
30971
30973
30978
30978
30987
30989
31000
31005
31008
31011
31015
31018
31019
31024
31026
31034
31039
31039
31042
31044
31045
31049
31051
31054
31055
31059
31059
31060
31060
31067
31068
31071
31071
31072
31076
31077
31084
31085
31086
31086
31092
31098
31100
31103
31103
31107
31109
31116
31121
31123
31128
31132
31134
31137
31144
31149
31159
31163
31166
31170
31171
31175
31177
31179
31193
31194
31198
31205
31205
31206
31213
31215
31217
31220
31229
31231
31236
31240
31248
31249
31254
31263
31263
31265
31268
31268
31269
31270
31278
31278
31280
31287
31289
31299
31299
31301
31301
31305
31305
31310
31310
31311
31315
31317
31319
31320
31321
31327
31327
31329
31330
31338
31339
31340
31346
31346
31361
31364
31368
31368
31370
31372
31374
31377
31377
31378
31380
31387
31389
31397
31400
31404
31405
31406
31407
31410
31412
31413
31414
31417
31424
31430
31438
31440
31444
31446
31449
31451
31458
31459
31460
31462
31464
31466
31471
31472
31474
31478
31483
31497
31497
31502
31511
31513
31514
31515
31517
31519
31519
31521
31522
31523
31529
31539
31546
31547
31549
31554
31555
31559
31561
31564
31564
31569
31569
31571
31574
31578
31582
31583
31587
31588
31589
31595
31600
31603
31606
31612
31612
31618
31619
31620
31623
31623
31623
31630
31632
31637
31642
31643
31646
31647
31652
31655
31655
31657
31659
31661
31668
31670
31670
31673
31674
31676
31678
31679
31687
31692
31695
31697
31699
31699
31719
31720
31721
31721
31722
31725
31726
31727
31728
31732
31736
31737
31738
31738
31739
31739
31744
31750
31757
31758
31767
31769
31769
31770
31772
31774
31777
31777
31786
31789
31791
31791
31792
31800
31808
31808
31809
31810
31821
31825
31830
31835
31836
31839
31847
31847
31847
31848
31848
31850
31853
31856
31857
31872
31879
31880
31883
31888
31888
31889
31893
31897
31897
31898
31900
31902
31904
31905
31907
31908
31916
31916
31927
31928
31929
31930
31931
31931
31931
31931
31940
31959
31962
31966
31968
31977
31979
31980
31983
31985
31991
31992
31995
31996
31997
32005
32008
32008
32012
32017
32022
32025
32025
32027
32028
32035
32035
32038
32038
32052
32056
32058
32059
32069
32071
32074
32074
32076
32076
32081
32082
32084
32085
32091
32096
32097
32097
32099
32106
32106
32112
32118
32123
32124
32135
32138
32144
32146
32152
32152
32157
32160
32161
32164
32167
32171
32175
32181
32181
32182
32182
32183
32186
32188
32192
32196
32197
32200
32202
32203
32204
32216
32218
32220
32231
32232
32233
32234
32238
32240
32241
32242
32247
32252
32260
32262
32266
32267
32268
32273
32275
32275
32279
32282
32284
32284
32285
32293
32293
32307
32308
32309
32315
32317
32325
32329
32329
32330
32332
32333
32334
32334
32335
32337
32345
32346
32351
32356
32360
32363
32377
32378
32379
32386
32386
32398
32411
32411
32420
32420
32421
32422
32422
32423
32424
32429
32431
32435
32438
32439
32442
32444
32444
32447
32447
32449
32450
32453
32467
32468
32486
32486
32488
32491
32501
32505
32509
32516
32526
32527
32528
32530
32531
32532
32537
32542
32543
32550
32556
32558
32558
32572
32581
32581
32583
32588
32588
32591
32594
32600
32600
32600
32605
32608
32613
32615
32622
32635
32635
32644
32644
32645
32646
32648
32649
32653
32654
32658
32659
32664
32672
32672
32676
32680
32686
32690
32692
32692
32694
32697
32699
32700
32703
32710
32713
32713
32715
32715
32720
32724
32727
32739
32756
32759
32762
32765
