1000
0
78
92
106
109
112
113
195
200
261
388
477
479
524
547
557
573
616
748
819
823
851
903
909
961
961
981
990
997
1052
1067
1070
1121
1133
1133
1137
1148
1175
1186
1259
1271
1311
1386
1457
1488
1490
1524
1540
1707
1754
1757
1811
1823
1842
1878
1890
1901
1907
1907
1921
1958
1958
2048
2068
2093
2095
2098
2113
2126
2132
2146
2163
2185
2228
2257
2276
2306
2431
2445
2458
2513
2560
2572
2606
2613
2624
2655
2697
2738
2744
2745
2773
2831
2837
2872
2898
2904
3100
3134
3176
3182
3206
3213
3274
3410
3422
3429
3456
3460
3464
3524
3591
3643
3655
3672
3695
3696
3703
3712
3756
3812
3873
3882
3942
3952
3964
3964
3996
4001
4024
4034
4041
4132
4155
4177
4181
4186
4223
4238
4256
4284
4299
4399
4400
4456
4473
4491
4504
4544
4570
4597
4702
4775
4892
4956
4967
4993
4994
5053
5072
5120
5138
5169
5180
5231
5245
5257
5290
5300
5338
5357
5372
5475
5501
5527
5610
5635
5647
5672
5715
5716
5718
5797
5857
5952
6016
6064
6078
6094
6206
6280
6343
6349
6354
6354
6374
6458
6473
6519
6532
6569
6590
6625
6644
6656
6690
6695
6704
6808
7000
7006
7022
7068
7097
7101
7207
7211
7219
7268
7272
7308
7310
7326
7352
7353
7414
7450
7495
7535
7621
7648
7664
7678
7689
7751
7801
7810
7818
7821
7842
7882
7891
7910
7923
7972
7972
7974
8012
8057
8088
8190
8195
8212
8216
8233
8243
8246
8279
8309
8317
8361
8447
8450
8466
8507
8662
8666
8678
8713
9014
9030
9047
9065
9068
9192
9221
9225
9251
9271
9279
9303
9323
9326
9370
9390
9403
9413
9477
9513
9513
9523
9585
9622
9733
9785
9794
9931
10030
10041
10088
10194
10216
10242
10290
10355
10403
10429
10442
10461
10478
10496
10542
10549
10554
10557
10593
10643
10647
10659
10705
10709
10749
10771
10836
10865
10865
10866
10891
10891
10938
10941
10947
10995
11004
11020
11023
11078
11232
11262
11308
11332
11366
11389
11412
11413
11457
11491
11614
11691
11721
11730
11733
11792
11799
11825
11849
11857
11863
11864
11913
11930
11945
12011
12042
12056
12070
12114
12158
12172
12178
12206
12225
12270
12282
12284
12315
12322
12339
12367
12380
12454
12459
12485
12509
12530
12641
12649
12660
12750
12757
12769
12784
12786
12884
12905
12951
12952
12964
12970
12990
13008
13049
13051
13070
13075
13084
13241
13284
13284
13359
13392
13450
13526
13568
13580
13608
13645
13718
13727
13727
13850
13966
13969
14010
14035
14069
14075
14210
14323
14371
14383
14400
14403
14411
14423
14425
14590
14612
14663
14692
14703
14755
14910
14919
14964
14994
15005
15178
15188
15206
15231
15281
15307
15310
15359
15359
15396
15412
15429
15466
15490
15496
15508
15550
15564
15574
15611
15648
15660
15669
15673
15684
15773
15813
15841
15858
15865
15895
15921
15926
16014
16029
16038
16117
16118
16185
16230
16262
16263
16298
16400
16411
16495
16504
16526
16553
16629
16677
16677
16703
16705
16719
16772
16794
16860
16925
16943
16954
16957
17034
17040
17106
17126
17138
17191
17201
17220
17257
17258
17262
17363
17367
17391
17497
17524
17577
17607
17624
17655
17658
17664
17676
17678
17690
17718
17741
17754
17774
17785
17861
17914
17988
18027
18046
18104
18135
18148
18227
18251
18478
18478
18480
18483
18484
18502
18527
18586
18595
18612
18624
18625
18629
18637
18653
18667
18676
18676
18695
18747
18805
18814
18849
18873
18884
18997
19013
19063
19080
19167
19168
19226
19249
19315
19318
19320
19334
19353
19372
19387
19389
19392
19404
19406
19407
19437
19451
19478
19497
19505
19518
19546
19554
19571
19614
19631
19642
19659
19661
19687
19762
19867
19971
20009
20010
20037
20050
20050
20138
20141
20173
20217
20251
20314
20323
20345
20399
20454
20474
20480
20499
20504
20545
20563
20582
20605
20614
20620
20623
20638
20642
20657
20737
20741
20777
20824
20914
20973
21064
21128
21151
21152
21154
21189
21224
21238
21286
21368
21415
21423
21437
21448
21453
21519
21529
21581
21673
21727
21736
21835
21894
21895
21928
21941
21953
21970
21989
22008
22032
22033
22082
22091
22093
22140
22144
22150
22166
22197
22259
22259
22262
22288
22429
22517
22534
22550
22620
22626
22629
22651
22685
22727
22741
22774
22777
22814
22890
22894
22959
23133
23165
23191
23226
23294
23341
23349
23431
23463
23563
23578
23657
23707
23708
23723
23830
23897
23920
23921
23959
23967
23967
23995
23996
23997
24004
24005
24021
24058
24061
24061
24070
24116
24120
24231
24237
24259
24291
24458
24460
24464
24494
24520
24555
24570
24605
24784
24867
24884
24947
24984
24990
25034
25053
25070
25111
25112
25113
25149
25150
25266
25357
25550
25562
25679
25733
25783
25843
25846
25863
25884
25937
25959
26087
26135
26138
26209
26212
26257
26325
26392
26426
26456
26522
26552
26618
26644
26677
26701
26735
26775
26778
26789
26839
26871
26944
26974
27031
27101
27101
27111
27124
27130
27131
27143
27177
27190
27237
27293
27308
27334
27346
27348
27416
27423
27430
27443
27449
27468
27473
27495
27522
27563
27565
27632
27649
27670
27673
27687
27721
27763
27770
27774
27794
27843
27862
27880
27895
27907
27934
27938
27941
27950
27962
27974
27976
27997
28000
28051
28107
28140
28223
28248
28266
28278
28294
28326
28340
28437
28545
28560
28646
28674
28688
28724
28774
28794
28804
28817
28845
28867
28911
28912
28935
28960
28981
29027
29088
29090
29093
29099
29125
29181
29202
29299
29301
29323
29357
29374
29421
29432
29443
29455
29462
29470
29471
29575
29617
29632
29642
29649
29682
29690
29694
29719
29754
29815
29819
29870
29910
29976
29977
30067
30095
30161
30169
30288
30360
30365
30374
30381
30389
30431
30452
30456
30478
30518
30576
30598
30624
30626
30764
30804
30826
30876
30904
30910
30932
30962
31008
31118
31121
31135
31155
31161
31209
31284
31286
31292
31392
31474
31613
31694
31753
31773
31822
31872
31880
31885
31888
31894
31897
31921
31923
31989
32029
32049
32115
32123
32125
32140
32156
32204
32256
32263
32266
32272
32321
32347
32348
32373
32476
32516
32555
32592
32595
32608
32635
32640
32649
32687
32766
