100
308
357
622
770
1219
1786
1916
2122
2187
2403
2434
2443
2879
3580
3658
4597
4925
5191
5593
6590
6754
6817
7095
7413
7743
8432
8996
9064
9264
9646
9794
10380
11055
11281
11775
11873
12739
13347
13828
13835
13938
14333
14523
15352
16052
16316
16343
16520
16902
17029
17075
17384
17748
18160
18160
18466
18632
18677
18800
18978
19375
20863
21277
21280
21357
21362
21457
21918
22712
22842
24112
24167
24244
24268
24357
24454
24765
25019
25049
25108
25114
25415
26034
26704
27200
27299
27485
28046
28066
28149
29523
29919
30361
30420
30539
30702
31318
31481
31760
32521
