10000
2
3
4
6
15
35
41
43
46
47
48
48
48
49
50
53
55
56
57
57
59
64
64
68
70
71
82
86
86
87
88
88
90
91
93
97
98
106
109
111
114
115
116
120
120
122
123
123
126
129
129
130
132
133
136
141
142
142
144
149
153
154
156
158
158
159
160
162
162
163
164
167
168
168
169
180
186
198
204
204
205
205
209
210
218
220
224
226
227
228
228
230
234
244
247
254
256
263
268
268
270
280
281
285
285
289
292
292
294
295
296
299
300
301
303
311
318
320
325
325
327
329
336
346
349
350
351
352
356
357
359
362
365
368
375
385
392
398
407
410
411
412
415
416
418
421
431
437
439
443
450
454
454
456
456
456
468
470
474
475
485
488
493
494
496
497
501
510
517
518
520
521
531
537
537
538
538
540
544
547
553
556
559
562
564
565
571
579
581
583
595
595
602
602
608
608
611
611
613
615
619
626
631
632
633
634
636
638
643
643
647
658
660
663
665
667
669
674
674
678
679
687
687
689
690
693
696
697
700
703
703
705
717
717
722
722
724
725
728
728
730
731
738
739
739
740
743
744
746
746
750
750
751
757
765
766
766
768
768
771
772
774
780
785
786
788
793
794
801
805
813
813
816
819
821
822
829
831
833
836
837
839
842
843
849
849
850
852
854
854
857
860
864
865
869
869
877
882
883
884
885
888
891
896
898
899
908
915
918
926
926
932
937
938
939
940
941
949
952
954
957
958
965
965
966
967
973
975
976
982
985
987
987
989
991
993
995
999
1000
1002
1004
1004
1007
1012
1014
1014
1015
1018
1019
1020
1025
1025
1025
1029
1031
1031
1032
1041
1047
1066
1069
1073
1080
1083
1099
1106
1111
1112
1119
1123
1126
1126
1127
1129
1131
1131
1132
1145
1147
1147
1149
1151
1151
1152
1157
1160
1163
1168
1172
1172
1175
1176
1180
1185
1191
1199
1199
1202
1202
1206
1210
1213
1213
1217
1234
1236
1243
1246
1249
1255
1256
1260
1271
1272
1277
1278
1280
1284
1287
1287
1292
1292
1294
1294
1294
1295
1302
1303
1304
1313
1313
1313
1313
1316
1317
1318
1320
1327
1330
1331
1333
1338
1342
1343
1344
1345
1346
1349
1350
1353
1356
1357
1357
1360
1361
1361
1362
1366
1368
1369
1369
1372
1375
1377
1382
1383
1387
1390
1392
1393
1393
1395
1398
1399
1401
1401
1407
1408
1411
1412
1415
1422
1425
1430
1434
1434
1436
1444
1450
1452
1458
1460
1466
1467
1472
1472
1472
1474
1477
1479
1481
1481
1487
1488
1494
1498
1499
1502
1505
1507
1511
1511
1516
1524
1530
1531
1537
1538
1538
1541
1543
1547
1547
1551
1555
1557
1558
1560
1563
1568
1572
1575
1584
1593
1593
1596
1597
1600
1602
1603
1605
1608
1609
1609
1612
1620
1626
1627
1640
1642
1642
1644
1649
1652
1655
1666
1666
1668
1669
1674
1679
1682
1685
1686
1693
1696
1698
1699
1703
1707
1711
1711
1712
1714
1718
1720
1722
1724
1724
1725
1727
1728
1729
1732
1744
1746
1757
1766
1768
1770
1773
1773
1774
1778
1784
1785
1790
1797
1797
1812
1816
1817
1818
1824
1825
1835
1838
1839
1840
1843
1855
1855
1861
1864
1865
1867
1877
1883
1886
1890
1896
1899
1902
1907
1909
1912
1915
1917
1921
1928
1939
1940
1943
1950
1950
1951
1953
1953
1955
1961
1963
1972
1975
1975
1977
1986
1987
1992
1995
2001
2001
2003
2005
2008
2009
2015
2022
2031
2038
2042
2043
2043
2046
2048
2049
2049
2055
2058
2058
2058
2069
2078
2082
2091
2092
2094
2094
2095
2098
2100
2101
2109
2110
2110
2116
2120
2122
2130
2134
2137
2137
2138
2146
2147
2148
2150
2150
2151
2155
2157
2162
2163
2164
2171
2172
2182
2186
2191
2195
2196
2198
2199
2200
2200
2207
2208
2211
2221
2235
2239
2239
2243
2244
2245
2246
2249
2256
2256
2265
2266
2267
2268
2269
2273
2273
2274
2278
2279
2280
2283
2291
2296
2298
2299
2301
2301
2309
2309
2314
2320
2320
2322
2326
2332
2333
2339
2339
2342
2342
2344
2347
2349
2350
2351
2353
2354
2357
2360
2369
2371
2371
2371
2373
2374
2374
2376
2380
2382
2382
2386
2391
2400
2411
2413
2416
2417
2419
2423
2429
2430
2444
2446
2447
2455
2469
2474
2475
2477
2477
2478
2486
2488
2488
2488
2494
2496
2504
2521
2522
2527
2528
2530
2533
2541
2546
2546
2546
2547
2549
2549
2553
2558
2559
2563
2563
2564
2568
2573
2579
2581
2585
2587
2588
2589
2600
2601
2604
2607
2609
2610
2621
2624
2626
2627
2631
2631
2636
2644
2645
2647
2654
2658
2660
2660
2661
2663
2668
2671
2672
2677
2678
2681
2683
2685
2687
2687
2687
2690
2692
2693
2695
2699
2699
2706
2707
2709
2719
2736
2738
2743
2743
2752
2752
2754
2764
2766
2767
2767
2767
2768
2776
2788
2789
2792
2794
2794
2797
2798
2799
2799
2801
2802
2803
2805
2808
2809
2810
2810
2814
2817
2817
2824
2827
2828
2832
2834
2836
2841
2847
2848
2849
2850
2851
2862
2864
2865
2865
2870
2873
2875
2876
2876
2876
2883
2885
2885
2885
2885
2885
2886
2887
2889
2898
2904
2906
2907
2907
2922
2922
2924
2928
2929
2937
2940
2942
2945
2946
2950
2952
2953
2957
2972
2979
2981
2986
2989
2990
2992
2995
2999
2999
3000
3003
3008
3009
3012
3013
3015
3016
3017
3018
3025
3029
3032
3036
3036
3036
3038
3049
3051
3052
3054
3055
3058
3061
3063
3080
3083
3088
3096
3101
3103
3103
3106
3109
3113
3124
3126
3130
3130
3131
3131
3131
3132
3132
3141
3142
3144
3150
3154
3158
3170
3177
3186
3189
3193
3196
3197
3199
3203
3205
3205
3209
3210
3213
3215
3222
3224
3227
3228
3230
3231
3233
3236
3238
3239
3239
3241
3241
3243
3253
3259
3281
3286
3287
3289
3289
3290
3291
3291
3293
3294
3299
3303
3306
3309
3313
3318
3329
3330
3338
3344
3344
3346
3358
3359
3367
3371
3372
3377
3380
3383
3386
3393
3394
3403
3403
3404
3405
3410
3411
3411
3413
3418
3421
3422
3431
3433
3437
3438
3445
3445
3447
3454
3456
3460
3460
3461
3469
3471
3471
3472
3477
3481
3493
3499
3499
3503
3505
3505
3505
3507
3508
3510
3510
3511
3514
3524
3525
3531
3542
3549
3550
3555
3558
3561
3561
3566
3566
3567
3567
3568
3575
3576
3577
3577
3579
3584
3585
3587
3588
3598
3599
3599
3601
3602
3610
3610
3613
3613
3615
3616
3618
3619
3623
3624
3625
3626
3630
3636
3644
3646
3646
3654
3654
3660
3667
3675
3679
3683
3688
3694
3696
3703
3706
3716
3716
3724
3727
3745
3745
3745
3750
3753
3754
3756
3757
3758
3763
3770
3779
3780
3780
3781
3790
3793
3808
3809
3810
3810
3811
3813
3817
3831
3833
3843
3843
3848
3849
3852
3858
3865
3868
3869
3870
3873
3875
3878
3879
3881
3883
3884
3884
3886
3889
3892
3892
3893
3893
3897
3899
3900
3901
3912
3913
3920
3928
3937
3940
3941
3943
3945
3947
3952
3953
3954
3954
3956
3957
3961
3961
3963
3964
3972
3977
3984
3987
3992
3992
3996
3998
3999
3999
4000
4004
4005
4007
4010
4011
4013
4014
4017
4018
4023
4025
4027
4028
4033
4055
4055
4056
4060
4062
4062
4065
4072
4076
4077
4082
4083
4087
4090
4092
4092
4093
4105
4106
4111
4112
4114
4126
4127
4129
4130
4130
4131
4138
4142
4143
4144
4146
4154
4155
4157
4158
4159
4160
4163
4163
4164
4172
4181
4185
4187
4192
4193
4193
4199
4202
4209
4211
4211
4214
4215
4218
4218
4222
4223
4224
4227
4230
4230
4235
4235
4235
4238
4239
4240
4243
4247
4248
4252
4255
4255
4258
4259
4261
4262
4263
4268
4269
4279
4282
4292
4293
4296
4299
4303
4304
4314
4316
4318
4323
4323
4326
4328
4334
4334
4335
4335
4337
4342
4342
4344
4345
4346
4347
4351
4351
4355
4357
4363
4369
4377
4377
4379
4381
4382
4384
4390
4392
4394
4397
4401
4403
4404
4409
4412
4416
4418
4422
4426
4428
4431
4431
4432
4433
4434
4435
4435
4436
4438
4444
4444
4454
4455
4459
4463
4468
4481
4483
4485
4487
4488
4491
4496
4504
4511
4511
4511
4513
4513
4514
4515
4517
4518
4523
4529
4533
4536
4538
4539
4540
4549
4551
4552
4553
4553
4559
4563
4580
4583
4584
4584
4586
4591
4591
4592
4596
4598
4598
4602
4603
4604
4605
4605
4609
4622
4624
4626
4631
4633
4637
4638
4642
4645
4645
4645
4645
4646
4657
4659
4659
4663
4667
4668
4669
4671
4677
4682
4683
4687
4695
4695
4695
4697
4703
4703
4716
4718
4718
4719
4722
4722
4724
4724
4725
4726
4727
4731
4732
4732
4737
4745
4745
4748
4748
4751
4756
4757
4758
4761
4761
4770
4779
4781
4786
4787
4788
4788
4789
4791
4791
4795
4798
4799
4807
4815
4817
4818
4823
4827
4834
4837
4839
4847
4851
4853
4856
4863
4865
4867
4876
4878
4878
4884
4884
4885
4889
4890
4895
4901
4903
4908
4909
4909
4909
4910
4911
4914
4916
4917
4922
4923
4925
4928
4930
4936
4937
4939
4947
4951
4953
4957
4961
4963
4972
4972
4978
4979
4982
4982
4983
4985
4992
4992
4996
5001
5005
5006
5014
5015
5019
5034
5034
5042
5047
5047
5050
5050
5062
5065
5066
5069
5072
5075
5080
5081
5082
5088
5089
5090
5092
5100
5106
5107
5109
5110
5111
5111
5117
5117
5120
5122
5123
5124
5127
5127
5128
5131
5133
5136
5142
5145
5150
5151
5157
5159
5162
5167
5167
5169
5171
5171
5172
5174
5176
5176
5179
5181
5182
5182
5184
5191
5192
5194
5197
5199
5199
5199
5203
5203
5204
5204
5205
5208
5210
5214
5230
5235
5236
5236
5236
5237
5240
5241
5241
5244
5251
5251
5251
5252
5254
5260
5264
5266
5267
5272
5272
5273
5278
5279
5288
5288
5289
5300
5301
5302
5309
5311
5313
5313
5315
5316
5317
5325
5330
5340
5346
5351
5352
5352
5353
5354
5354
5355
5360
5363
5364
5365
5371
5371
5372
5372
5374
5378
5379
5383
5387
5388
5389
5391
5393
5396
5404
5406
5409
5415
5417
5424
5425
5444
5448
5449
5460
5470
5489
5494
5495
5507
5512
5513
5521
5525
5526
5527
5528
5530
5532
5534
5534
5535
5537
5540
5546
5547
5550
5552
5553
5554
5554
5557
5560
5562
5562
5563
5565
5567
5571
5575
5576
5578
5580
5581
5588
5594
5596
5598
5599
5606
5608
5610
5611
5611
5615
5618
5618
5620
5626
5631
5633
5635
5640
5645
5647
5660
5662
5662
5665
5671
5672
5675
5679
5690
5692
5697
5697
5701
5712
5718
5719
5723
5731
5733
5735
5736
5741
5745
5761
5763
5763
5763
5764
5771
5772
5774
5774
5775
5776
5778
5780
5782
5785
5786
5787
5787
5788
5788
5790
5795
5795
5797
5802
5807
5812
5813
5816
5818
5828
5829
5830
5830
5833
5836
5842
5845
5848
5851
5860
5861
5862
5870
5870
5878
5899
5902
5911
5915
5917
5920
5923
5930
5933
5935
5935
5943
5944
5947
5950
5953
5955
5958
5959
5962
5965
5965
5965
5967
5972
5972
5976
5977
5979
5984
5987
5989
5990
5996
5997
5997
6000
6002
6004
6011
6013
6024
6026
6028
6034
6040
6043
6044
6044
6046
6048
6055
6057
6060
6065
6070
6071
6071
6083
6089
6094
6096
6097
6101
6102
6104
6106
6109
6112
6112
6114
6122
6122
6122
6123
6125
6128
6132
6133
6151
6152
6158
6161
6165
6171
6174
6174
6177
6177
6178
6179
6184
6188
6193
6209
6211
6213
6215
6215
6218
6221
6222
6223
6230
6235
6238
6240
6247
6247
6247
6249
6252
6258
6260
6260
6266
6267
6272
6274
6274
6278
6279
6282
6288
6291
6294
6298
6299
6299
6305
6307
6308
6319
6321
6327
6328
6329
6329
6329
6336
6343
6343
6349
6351
6351
6352
6361
6368
6371
6377
6380
6380
6384
6387
6393
6395
6396
6396
6398
6402
6403
6403
6410
6414
6419
6422
6423
6424
6425
6426
6428
6440
6449
6449
6450
6452
6453
6453
6455
6458
6458
6462
6468
6469
6472
6479
6481
6481
6484
6492
6494
6497
6498
6499
6500
6501
6501
6503
6503
6504
6505
6515
6527
6531
6536
6539
6544
6548
6552
6557
6561
6565
6567
6574
6586
6587
6595
6595
6597
6601
6605
6607
6609
6611
6622
6624
6627
6628
6629
6649
6649
6650
6660
6662
6663
6664
6664
6665
6665
6666
6672
6676
6679
6681
6687
6691
6691
6692
6694
6695
6699
6704
6705
6706
6711
6716
6717
6721
6732
6733
6734
6736
6738
6741
6747
6749
6752
6757
6762
6765
6767
6767
6774
6776
6781
6785
6786
6796
6800
6802
6803
6804
6805
6809
6811
6811
6811
6813
6819
6821
6829
6830
6831
6836
6849
6850
6850
6850
6854
6855
6855
6855
6858
6858
6862
6866
6867
6873
6877
6879
6880
6881
6886
6890
6901
6905
6908
6908
6912
6913
6916
6919
6921
6922
6928
6937
6937
6938
6939
6944
6950
6952
6954
6959
6961
6961
6962
6967
6971
6973
6982
6984
6986
6992
6998
7004
7009
7011
7011
7024
7026
7028
7031
7041
7042
7044
7047
7053
7053
7055
7065
7071
7071
7077
7077
7079
7080
7085
7094
7096
7098
7099
7104
7108
7113
7128
7133
7136
7137
7143
7145
7146
7149
7151
7157
7164
7169
7170
7173
7177
7182
7182
7187
7191
7196
7198
7205
7207
7207
7209
7210
7216
7217
7220
7220
7221
7234
7237
7242
7243
7248
7249
7254
7255
7257
7258
7258
7263
7274
7276
7277
7283
7291
7297
7298
7299
7301
7301
7302
7309
7312
7318
7321
7321
7329
7329
7339
7341
7352
7358
7360
7360
7362
7363
7368
7373
7375
7375
7376
7384
7391
7393
7393
7394
7395
7400
7402
7405
7406
7411
7418
7430
7431
7432
7437
7440
7440
7453
7458
7459
7459
7468
7470
7484
7484
7485
7495
7500
7507
7509
7513
7516
7523
7523
7533
7540
7544
7545
7546
7546
7547
7548
7548
7548
7553
7556
7561
7562
7570
7571
7571
7577
7584
7586
7594
7602
7607
7607
7608
7613
7614
7619
7628
7628
7630
7633
7640
7640
7646
7650
7651
7653
7655
7669
7670
7675
7677
7680
7681
7684
7687
7690
7693
7693
7694
7696
7701
7704
7704
7706
7707
7713
7713
7725
7725
7734
7743
7743
7744
7746
7752
7756
7759
7761
7763
7767
7769
7773
7775
7777
7787
7791
7795
7802
7809
7818
7827
7829
7830
7836
7841
7844
7846
7849
7849
7855
7855
7857
7857
7857
7866
7868
7869
7871
7885
7886
7888
7889
7893
7900
7901
7909
7910
7917
7922
7928
7929
7934
7939
7940
7941
7944
7953
7954
7955
7956
7966
7971
7973
7975
7977
7982
7982
7984
7985
7985
7987
7987
7990
7990
7993
7994
7996
7996
7997
7998
8002
8002
8014
8016
8017
8020
8020
8024
8032
8042
8043
8044
8051
8052
8054
8057
8057
8067
8068
8073
8073
8077
8078
8081
8086
8088
8092
8093
8095
8105
8107
8113
8114
8114
8117
8120
8121
8123
8125
8127
8133
8133
8137
8139
8140
8143
8146
8147
8152
8155
8155
8164
8166
8167
8173
8177
8181
8182
8185
8195
8198
8202
8206
8207
8220
8221
8234
8240
8241
8244
8246
8256
8259
8265
8266
8270
8271
8272
8273
8275
8278
8283
8289
8289
8290
8291
8294
8297
8302
8310
8310
8319
8325
8328
8330
8337
8343
8345
8349
8353
8357
8363
8363
8365
8367
8370
8371
8373
8374
8385
8391
8392
8395
8408
8408
8411
8413
8413
8417
8421
8422
8424
8440
8446
8450
8455
8462
8464
8467
8468
8472
8473
8475
8477
8490
8491
8492
8493
8493
8494
8495
8496
8497
8501
8505
8506
8507
8508
8516
8523
8523
8523
8524
8527
8533
8537
8538
8542
8544
8545
8553
8554
8555
8558
8559
8563
8563
8564
8567
8569
8570
8571
8574
8575
8576
8578
8579
8582
8590
8597
8599
8603
8604
8607
8612
8615
8621
8621
8622
8626
8627
8630
8633
8633
8642
8645
8652
8660
8661
8668
8668
8669
8679
8687
8689
8693
8703
8710
8711
8722
8722
8727
8728
8729
8732
8735
8735
8737
8738
8742
8744
8745
8753
8754
8759
8761
8764
8765
8771
8771
8786
8794
8800
8803
8804
8818
8821
8821
8829
8829
8830
8833
8834
8846
8847
8852
8860
8864
8867
8869
8872
8873
8877
8880
8880
8880
8883
8883
8885
8890
8890
8893
8895
8896
8899
8900
8902
8903
8909
8913
8916
8918
8922
8932
8934
8937
8938
8939
8939
8944
8944
8944
8947
8951
8951
8954
8955
8956
8957
8965
8971
8972
8982
8982
8986
8990
8995
8995
9000
9002
9004
9006
9014
9015
9017
9030
9033
9033
9034
9041
9048
9048
9048
9051
9051
9053
9058
9061
9064
9066
9071
9072
9072
9073
9073
9080
9086
9086
9102
9107
9108
9111
9115
9119
9120
9123
9129
9138
9141
9146
9147
9147
9148
9151
9151
9152
9159
9171
9179
9183
9185
9196
9201
9202
9207
9211
9215
9219
9221
9223
9225
9230
9233
9242
9242
9244
9245
9250
9251
9263
9265
9271
9271
9277
9280
9284
9285
9287
9288
9289
9290
9290
9299
9304
9317
9318
9321
9321
9335
9338
9341
9345
9351
9356
9362
9364
9366
9366
9368
9370
9371
9373
9380
9387
9395
9396
9398
9406
9408
9410
9410
9418
9425
9427
9435
9437
9438
9439
9440
9441
9448
9451
9462
9464
9466
9482
9482
9484
9485
9488
9493
9496
9497
9499
9501
9503
9507
9520
9523
9527
9531
9531
9531
9533
9533
9535
9537
9538
9544
9546
9547
9548
9550
9552
9552
9552
9553
9558
9567
9571
9574
9579
9580
9580
9582
9585
9586
9595
9603
9603
9608
9616
9618
9628
9630
9632
9634
9641
9642
9646
9647
9650
9651
9651
9653
9654
9663
9665
9666
9669
9669
9672
9672
9673
9675
9680
9685
9688
9689
9691
9691
9697
9698
9701
9701
9704
9706
9712
9716
9719
9720
9721
9724
9727
9731
9732
9740
9742
9746
9760
9761
9770
9772
9772
9773
9773
9775
9776
9778
9781
9786
9791
9798
9799
9799
9799
9801
9803
9805
9805
9805
9809
9809
9810
9810
9820
9822
9833
9834
9834
9837
9841
9845
9852
9860
9864
9876
9879
9880
9881
9884
9887
9889
9891
9891
9891
9892
9896
9897
9899
9905
9909
9917
9918
9918
9927
9930
9932
9936
9941
9948
9953
9954
9954
9955
9957
9958
9963
9965
9966
9971
9971
9974
9978
9979
9983
9984
9990
9995
9998
9998
9999
10002
10004
10011
10013
10013
10014
10017
10022
10024
10031
10032
10033
10034
10035
10037
10040
10041
10056
10057
10065
10065
10065
10072
10078
10080
10087
10095
10097
10102
10104
10107
10109
10109
10127
10132
10133
10143
10145
10153
10154
10167
10169
10171
10172
10172
10173
10176
10182
10182
10187
10189
10202
10203
10203
10203
10210
10210
10211
10212
10213
10213
10216
10222
10226
10230
10232
10232
10233
10237
10241
10243
10243
10247
10248
10250
10251
10253
10254
10260
10265
10279
10283
10283
10284
10284
10287
10289
10292
10293
10293
10301
10302
10304
10306
10306
10308
10308
10311
10311
10315
10315
10317
10323
10325
10326
10329
10336
10341
10341
10347
10353
10354
10359
10361
10364
10365
10366
10371
10374
10378
10382
10382
10382
10383
10388
10388
10388
10394
10396
10408
10414
10414
10417
10418
10420
10423
10427
10459
10461
10468
10477
10479
10480
10483
10484
10491
10492
10493
10495
10497
10499
10499
10500
10504
10517
10519
10523
10528
10534
10538
10539
10542
10552
10556
10556
10560
10564
10572
10574
10576
10576
10579
10587
10588
10594
10595
10603
10612
10613
10614
10615
10618
10618
10621
10638
10639
10640
10645
10646
10648
10654
10663
10680
10681
10687
10690
10695
10695
10700
10708
10708
10713
10715
10719
10722
10724
10729
10737
10739
10740
10740
10747
10747
10754
10755
10774
10775
10775
10785
10785
10786
10787
10792
10793
10794
10797
10799
10804
10804
10813
10815
10823
10823
10828
10832
10833
10837
10844
10854
10859
10859
10874
10874
10876
10891
10891
10893
10893
10896
10897
10904
10906
10907
10916
10916
10923
10929
10932
10933
10933
10938
10943
10943
10960
10962
10963
10971
10976
10979
10984
10985
10987
10992
10993
11008
11016
11018
11020
11021
11028
11028
11036
11044
11049
11050
11051
11055
11056
11076
11077
11078
11080
11086
11086
11087
11092
11094
11094
11094
11099
11108
11110
11123
11124
11141
11142
11147
11147
11148
11149
11152
11166
11167
11169
11172
11172
11181
11181
11185
11192
11193
11194
11195
11202
11203
11210
11211
11219
11224
11226
11228
11229
11230
11233
11248
11256
11258
11259
11263
11267
11277
11280
11286
11291
11294
11295
11296
11298
11304
11305
11305
11309
11317
11320
11321
11322
11324
11327
11329
11334
11339
11340
11341
11342
11346
11355
11370
11371
11372
11373
11378
11383
11384
11388
11395
11400
11409
11410
11412
11414
11419
11420
11426
11434
11434
11438
11438
11438
11440
11445
11446
11447
11450
11452
11454
11456
11456
11459
11460
11467
11469
11469
11469
11480
11482
11490
11496
11499
11519
11522
11522
11524
11527
11528
11528
11535
11543
11545
11546
11547
11548
11550
11560
11567
11572
11576
11577
11579
11581
11584
11585
11586
11587
11610
11610
11611
11630
11636
11640
11641
11644
11646
11646
11650
11655
11656
11660
11660
11663
11682
11688
11690
11690
11706
11714
11715
11719
11723
11725
11731
11731
11731
11732
11733
11735
11736
11740
11742
11746
11754
11758
11762
11765
11769
11771
11772
11777
11779
11784
11788
11791
11794
11800
11802
11803
11804
11815
11822
11825
11828
11830
11831
11831
11833
11842
11847
11854
11855
11858
11863
11866
11868
11871
11872
11873
11876
11887
11887
11888
11889
11892
11894
11896
11898
11900
11901
11903
11909
11910
11916
11918
11923
11926
11930
11932
11934
11942
11943
11944
11944
11946
11950
11951
11952
11953
11953
11960
11962
11962
11962
11963
11963
11964
11964
11964
11966
11977
11985
11986
11992
11993
11994
11994
11996
12012
12013
12016
12016
12016
12020
12023
12027
12027
12027
12028
12029
12031
12036
12050
12053
12054
12056
12058
12059
12066
12067
12068
12076
12081
12084
12084
12085
12086
12089
12097
12098
12107
12110
12113
12113
12117
12124
12125
12125
12128
12131
12135
12136
12139
12145
12146
12146
12154
12160
12161
12162
12169
12171
12173
12174
12175
12177
12181
12183
12184
12193
12199
12204
12204
12207
12213
12213
12214
12216
12221
12225
12226
12226
12227
12229
12231
12235
12236
12238
12244
12246
12247
12248
12250
12251
12263
12268
12270
12271
12281
12281
12291
12295
12298
12298
12313
12314
12314
12315
12315
12316
12322
12331
12331
12333
12339
12340
12343
12347
12347
12353
12353
12365
12368
12377
12395
12396
12398
12404
12407
12410
12412
12416
12421
12422
12425
12426
12430
12438
12444
12445
12453
12454
12458
12464
12470
12472
12474
12482
12482
12482
12489
12500
12502
12504
12508
12510
12513
12514
12515
12519
12519
12522
12524
12525
12527
12529
12530
12534
12537
12541
12544
12546
12549
12550
12555
12558
12560
12561
12562
12570
12572
12574
12577
12579
12579
12581
12591
12597
12598
12604
12606
12609
12611
12616
12619
12619
12624
12625
12628
12631
12633
12637
12638
12642
12648
12649
12650
12652
12653
12656
12660
12661
12665
12672
12675
12677
12689
12689
12690
12699
12702
12702
12705
12706
12707
12709
12720
12722
12736
12737
12737
12745
12746
12746
12752
12756
12756
12758
12758
12758
12760
12763
12764
12770
12775
12781
12785
12800
12801
12802
12806
12808
12809
12810
12812
12813
12814
12814
12814
12818
12827
12830
12831
12836
12837
12843
12847
12851
12856
12863
12868
12881
12887
12888
12889
12890
12894
12896
12899
12901
12904
12908
12918
12923
12930
12931
12934
12939
12941
12953
12956
12957
12957
12960
12966
12969
12970
12974
12977
12983
12999
12999
13003
13003
13013
13015
13018
13025
13030
13035
13038
13038
13038
13057
13062
13065
13077
13077
13086
13086
13086
13089
13090
13091
13091
13092
13096
13102
13105
13106
13123
13123
13129
13130
13130
13137
13139
13149
13151
13153
13157
13158
13162
13162
13169
13169
13172
13173
13175
13177
13177
13178
13179
13180
13181
13181
13181
13185
13187
13190
13190
13192
13197
13199
13202
13203
13205
13207
13209
13210
13213
13213
13217
13222
13226
13226
13234
13234
13246
13246
13247
13250
13251
13260
13260
13278
13280
13280
13281
13283
13285
13291
13292
13295
13297
13300
13302
13302
13305
13312
13317
13323
13324
13325
13326
13328
13330
13332
13332
13332
13333
13335
13336
13339
13343
13344
13351
13354
13355
13359
13360
13362
13364
13365
13368
13369
13373
13379
13379
13382
13385
13385
13387
13389
13395
13415
13423
13430
13438
13439
13440
13442
13443
13443
13453
13455
13456
13457
13457
13458
13460
13462
13462
13464
13465
13466
13467
13472
13477
13478
13480
13481
13483
13486
13489
13491
13496
13496
13497
13497
13504
13507
13508
13510
13513
13516
13517
13518
13520
13521
13522
13524
13524
13526
13531
13532
13533
13533
13534
13538
13541
13542
13542
13546
13549
13553
13557
13561
13565
13567
13569
13582
13586
13587
13587
13590
13594
13601
13610
13610
13614
13615
13616
13617
13621
13631
13634
13639
13642
13648
13655
13656
13657
13659
13672
13673
13675
13681
13681
13684
13684
13684
13693
13694
13699
13699
13700
13701
13704
13711
13720
13720
13721
13724
13730
13737
13738
13746
13753
13753
13755
13756
13758
13761
13763
13770
13775
13776
13779
13781
13784
13795
13796
13798
13798
13802
13803
13808
13808
13809
13811
13818
13819
13819
13828
13828
13828
13830
13833
13834
13834
13836
13839
13841
13842
13843
13845
13850
13853
13855
13856
13856
13857
13861
13863
13867
13871
13872
13890
13906
13908
13909
13909
13910
13910
13910
13911
13913
13914
13922
13922
13924
13930
13932
13932
13939
13943
13946
13947
13947
13959
13960
13961
13962
13962
13963
13964
13964
13966
13967
13971
13973
13974
13979
13979
13981
13985
13986
13989
13989
13992
13997
13997
13998
13999
14000
14008
14009
14010
14011
14019
14019
14021
14021
14022
14029
14031
14035
14037
14049
14050
14056
14059
14061
14065
14071
14072
14075
14075
14087
14089
14094
14095
14096
14097
14098
14107
14108
14109
14111
14119
14120
14125
14126
14129
14135
14136
14137
14144
14157
14157
14159
14159
14165
14167
14180
14182
14182
14183
14187
14194
14194
14194
14199
14202
14209
14212
14214
14216
14219
14219
14222
14227
14231
14231
14231
14232
14232
14233
14234
14236
14243
14247
14250
14250
14254
14256
14262
14269
14270
14280
14283
14284
14287
14289
14289
14292
14292
14298
14299
14308
14310
14311
14315
14316
14316
14316
14317
14318
14321
14324
14327
14330
14343
14350
14354
14355
14355
14355
14356
14357
14357
14361
14371
14371
14372
14374
14374
14382
14390
14396
14398
14399
14403
14404
14406
14408
14410
14411
14413
14414
14415
14422
14424
14427
14430
14434
14435
14441
14445
14446
14449
14451
14452
14469
14471
14475
14482
14483
14484
14492
14494
14497
14502
14505
14506
14507
14513
14515
14519
14521
14527
14529
14531
14534
14536
14538
14538
14538
14538
14542
14544
14550
14550
14550
14551
14551
14553
14554
14561
14563
14571
14589
14599
14603
14605
14607
14608
14611
14613
14619
14622
14623
14623
14640
14644
14646
14648
14651
14653
14654
14654
14657
14673
14675
14677
14683
14685
14688
14690
14697
14704
14704
14707
14707
14718
14722
14723
14724
14724
14734
14738
14741
14744
14758
14761
14762
14764
14766
14768
14768
14769
14770
14772
14782
14782
14782
14783
14785
14787
14789
14797
14797
14799
14799
14800
14802
14806
14814
14817
14819
14819
14825
14825
14831
14833
14836
14839
14839
14839
14845
14851
14851
14854
14854
14854
14855
14856
14858
14864
14870
14875
14876
14889
14892
14903
14906
14908
14909
14911
14912
14921
14921
14928
14929
14934
14962
14966
14967
14969
14971
14976
14981
14988
14989
14992
14999
15000
15001
15002
15003
15003
15010
15012
15013
15015
15015
15016
15017
15021
15024
15025
15035
15036
15036
15038
15039
15049
15053
15055
15057
15058
15060
15070
15071
15082
15083
15086
15101
15102
15109
15112
15112
15119
15122
15123
15127
15128
15129
15135
15137
15141
15146
15147
15152
15158
15166
15171
15178
15186
15187
15188
15192
15200
15200
15203
15206
15208
15208
15212
15219
15226
15227
15228
15234
15234
15244
15244
15247
15256
15257
15261
15261
15264
15265
15266
15270
15271
15273
15280
15280
15281
15289
15292
15294
15296
15301
15305
15307
15307
15308
15319
15320
15322
15323
15325
15327
15329
15329
15331
15333
15353
15360
15363
15363
15363
15368
15370
15371
15375
15377
15380
15382
15382
15385
15388
15393
15395
15396
15399
15408
15410
15417
15420
15422
15423
15431
15432
15434
15446
15446
15450
15452
15453
15460
15465
15472
15477
15482
15483
15484
15487
15488
15489
15490
15490
15492
15493
15495
15497
15500
15510
15519
15522
15528
15528
15529
15533
15535
15539
15544
15549
15549
15550
15551
15556
15559
15559
15561
15564
15570
15574
15576
15578
15580
15591
15597
15597
15605
15614
15617
15619
15622
15624
15631
15633
15638
15647
15650
15652
15654
15658
15659
15665
15668
15668
15671
15674
15676
15682
15683
15683
15690
15690
15696
15697
15706
15706
15711
15714
15718
15725
15726
15735
15738
15740
15741
15750
15750
15755
15760
15761
15761
15762
15764
15765
15766
15766
15770
15773
15774
15781
15781
15783
15783
15789
15797
15798
15798
15804
15811
15813
15815
15816
15819
15820
15821
15821
15823
15826
15827
15828
15832
15835
15840
15840
15844
15850
15854
15858
15862
15862
15870
15878
15882
15884
15889
15890
15906
15908
15908
15913
15927
15935
15948
15950
15956
15957
15959
15971
15971
15972
15972
15972
15972
15979
15981
15983
15989
15993
15993
16001
16003
16008
16013
16018
16020
16025
16029
16031
16031
16031
16032
16039
16046
16050
16056
16062
16065
16066
16069
16069
16071
16072
16075
16080
16083
16086
16086
16088
16099
16101
16107
16109
16112
16113
16122
16124
16126
16126
16127
16133
16137
16138
16139
16146
16157
16158
16159
16161
16162
16162
16164
16165
16167
16169
16175
16179
16180
16181
16181
16183
16184
16188
16194
16195
16216
16217
16219
16221
16226
16243
16253
16259
16259
16261
16276
16280
16280
16281
16281
16286
16288
16292
16293
16295
16296
16297
16298
16301
16302
16305
16306
16310
16310
16310
16313
16313
16316
16317
16317
16319
16321
16326
16330
16330
16332
16334
16334
16339
16340
16346
16363
16369
16383
16387
16391
16393
16403
16410
16412
16415
16415
16416
16418
16420
16427
16432
16436
16441
16442
16444
16449
16455
16460
16463
16479
16480
16482
16488
16491
16493
16496
16497
16499
16499
16502
16508
16512
16516
16528
16533
16535
16548
16549
16564
16567
16571
16573
16573
16573
16577
16579
16581
16584
16587
16588
16593
16595
16595
16595
16606
16609
16616
16619
16622
16627
16633
16641
16649
16656
16656
16656
16657
16658
16658
16667
16667
16668
16670
16676
16681
16682
16693
16694
16695
16696
16699
16700
16704
16705
16706
16706
16714
16716
16724
16728
16732
16736
16737
16739
16741
16742
16743
16744
16745
16747
16750
16754
16759
16759
16762
16763
16775
16780
16781
16789
16792
16796
16797
16799
16800
16802
16809
16813
16819
16827
16831
16842
16843
16850
16850
16860
16860
16865
16866
16867
16871
16873
16874
16882
16884
16889
16889
16891
16898
16899
16904
16908
16916
16917
16920
16921
16921
16926
16932
16940
16942
16946
16947
16947
16952
16952
16954
16959
16961
16963
16964
16968
16970
16972
16973
16976
16979
16985
16988
16989
16992
16994
16994
17002
17004
17004
17010
17011
17011
17015
17017
17018
17018
17022
17022
17023
17029
17030
17030
17035
17035
17035
17038
17040
17041
17043
17045
17050
17050
17053
17059
17061
17064
17066
17068
17069
17077
17084
17084
17103
17107
17110
17120
17121
17122
17127
17128
17129
17130
17130
17136
17137
17137
17138
17140
17141
17143
17145
17146
17160
17161
17161
17166
17167
17171
17176
17178
17181
17183
17189
17198
17201
17207
17213
17214
17215
17216
17219
17221
17231
17234
17238
17241
17244
17245
17251
17255
17256
17257
17261
17265
17267
17273
17274
17276
17276
17278
17279
17280
17280
17281
17290
17293
17307
17313
17313
17313
17314
17316
17325
17328
17330
17333
17333
17333
17333
17337
17337
17343
17345
17346
17348
17350
17354
17356
17363
17371
17372
17376
17377
17380
17384
17389
17393
17399
17401
17406
17408
17414
17417
17422
17422
17429
17431
17434
17436
17446
17454
17455
17457
17459
17465
17466
17466
17474
17479
17480
17481
17482
17488
17491
17492
17495
17495
17499
17502
17504
17505
17516
17518
17518
17526
17527
17534
17545
17547
17548
17556
17560
17563
17566
17574
17575
17576
17578
17579
17585
17586
17593
17600
17601
17604
17605
17605
17605
17607
17609
17613
17614
17618
17618
17632
17632
17635
17642
17656
17665
17666
17668
17670
17671
17674
17678
17679
17679
17679
17681
17684
17686
17688
17690
17695
17696
17697
17701
17705
17708
17709
17710
17712
17714
17722
17729
17731
17733
17733
17736
17736
17736
17738
17744
17744
17750
17750
17752
17758
17763
17764
17766
17767
17776
17782
17783
17783
17784
17786
17786
17791
17793
17796
17801
17802
17802
17803
17804
17804
17809
17812
17812
17818
17818
17821
17824
17824
17827
17828
17831
17831
17833
17833
17835
17837
17843
17844
17848
17853
17855
17857
17860
17862
17872
17886
17890
17894
17894
17897
17897
17899
17901
17901
17903
17906
17908
17917
17944
17949
17953
17959
17961
17964
17969
17973
17976
17978
17979
17984
17984
17986
17989
17994
17998
17999
18003
18006
18010
18014
18015
18016
18020
18023
18025
18030
18036
18040
18044
18059
18060
18063
18068
18070
18072
18073
18074
18075
18076
18076
18080
18085
18086
18095
18104
18113
18121
18123
18125
18128
18136
18139
18140
18161
18165
18167
18168
18170
18171
18173
18173
18177
18184
18190
18193
18194
18199
18200
18203
18214
18221
18225
18226
18231
18232
18236
18237
18238
18241
18251
18255
18255
18256
18259
18259
18260
18269
18269
18269
18271
18275
18277
18280
18286
18295
18296
18297
18299
18304
18308
18319
18320
18320
18322
18325
18329
18334
18335
18337
18338
18347
18349
18351
18354
18360
18360
18361
18364
18365
18368
18372
18381
18385
18390
18408
18410
18410
18411
18415
18417
18420
18422
18424
18427
18429
18432
18432
18436
18437
18442
18445
18451
18454
18458
18458
18458
18463
18473
18475
18477
18480
18480
18483
18484
18484
18492
18492
18494
18500
18502
18507
18515
18527
18528
18529
18530
18530
18532
18534
18534
18545
18546
18548
18549
18549
18551
18553
18553
18554
18557
18560
18565
18566
18569
18572
18583
18590
18592
18594
18596
18596
18604
18611
18614
18620
18623
18626
18630
18635
18637
18637
18638
18647
18648
18648
18652
18655
18655
18656
18660
18661
18662
18666
18668
18679
18680
18684
18688
18692
18693
18693
18702
18709
18713
18715
18717
18718
18719
18720
18721
18722
18722
18723
18723
18726
18728
18734
18738
18738
18739
18741
18742
18743
18744
18745
18746
18747
18756
18756
18760
18768
18771
18771
18771
18772
18775
18778
18781
18782
18793
18795
18798
18802
18805
18809
18820
18829
18835
18836
18846
18849
18851
18852
18857
18865
18869
18869
18871
18885
18887
18888
18889
18890
18893
18894
18898
18902
18903
18905
18906
18906
18907
18907
18908
18912
18915
18918
18918
18919
18922
18930
18935
18935
18943
18947
18947
18948
18949
18950
18955
18955
18957
18960
18962
18963
18965
18973
18973
18976
18977
18977
18978
18980
18983
18983
18996
18997
19003
19003
19004
19013
19015
19015
19016
19017
19018
19022
19027
19042
19042
19043
19050
19051
19056
19058
19060
19062
19062
19064
19067
19075
19076
19077
19082
19094
19094
19100
19103
19106
19106
19108
19109
19109
19110
19112
19112
19113
19120
19124
19125
19130
19132
19133
19133
19140
19143
19147
19169
19170
19171
19184
19184
19187
19193
19194
19195
19209
19217
19220
19221
19222
19223
19226
19226
19227
19231
19235
19247
19248
19251
19252
19253
19255
19256
19256
19259
19261
19261
19264
19268
19272
19272
19275
19276
19282
19282
19283
19285
19287
19294
19295
19300
19303
19304
19314
19314
19319
19324
19324
19330
19337
19337
19348
19349
19355
19359
19360
19373
19373
19380
19381
19381
19386
19405
19409
19415
19417
19422
19422
19424
19428
19428
19432
19433
19436
19439
19444
19444
19459
19462
19465
19465
19466
19469
19472
19473
19478
19487
19488
19491
19491
19496
19498
19498
19498
19502
19503
19505
19506
19510
19514
19517
19517
19518
19522
19522
19528
19528
19532
19534
19536
19539
19543
19548
19552
19557
19557
19559
19565
19579
19579
19579
19581
19582
19583
19589
19594
19595
19597
19601
19605
19609
19610
19615
19615
19617
19620
19622
19624
19626
19629
19633
19634
19637
19637
19645
19651
19656
19660
19662
19667
19669
19679
19692
19694
19694
19697
19699
19700
19701
19703
19712
19718
19726
19730
19733
19734
19742
19743
19750
19756
19757
19758
19768
19770
19771
19772
19773
19777
19779
19780
19781
19782
19783
19785
19788
19790
19797
19808
19810
19823
19825
19830
19830
19834
19834
19838
19840
19841
19842
19850
19851
19852
19852
19854
19855
19856
19861
19862
19864
19864
19874
19878
19879
19885
19886
19888
19891
19892
19898
19898
19904
19913
19916
19917
19917
19917
19931
19932
19934
19946
19946
19947
19950
19955
19967
19972
19972
19976
19977
19983
19984
19987
19989
19990
19992
19994
19998
20000
20002
20006
20007
20010
20011
20015
20017
20017
20027
20028
20032
20039
20044
20046
20046
20046
20047
20057
20059
20062
20065
20067
20068
20069
20070
20073
20073
20075
20078
20078
20079
20083
20086
20087
20088
20091
20093
20100
20103
20103
20103
20104
20106
20107
20108
20110
20110
20114
20118
20134
20134
20141
20147
20147
20151
20153
20155
20156
20160
20166
20168
20169
20171
20172
20174
20179
20183
20184
20190
20191
20194
20195
20198
20206
20208
20211
20214
20218
20221
20221
20228
20231
20237
20237
20238
20240
20247
20248
20251
20251
20252
20255
20256
20256
20257
20261
20264
20266
20267
20270
20273
20274
20275
20275
20276
20281
20287
20287
20289
20299
20300
20301
20302
20308
20313
20324
20328
20342
20346
20349
20350
20357
20359
20362
20364
20364
20366
20367
20369
20371
20372
20377
20382
20385
20385
20389
20392
20393
20405
20412
20412
20416
20418
20430
20431
20441
20443
20454
20458
20459
20459
20460
20463
20466
20467
20470
20472
20474
20479
20488
20492
20493
20496
20496
20498
20502
20510
20514
20515
20521
20521
20523
20524
20527
20529
20530
20537
20544
20547
20549
20549
20551
20554
20556
20557
20558
20558
20561
20563
20566
20566
20568
20571
20578
20589
20589
20595
20597
20598
20601
20612
20617
20621
20626
20626
20631
20637
20646
20649
20650
20652
20653
20659
20659
20674
20683
20691
20695
20701
20704
20714
20714
20714
20714
20717
20718
20722
20722
20723
20724
20727
20731
20734
20735
20736
20736
20751
20756
20760
20763
20764
20766
20766
20769
20778
20785
20786
20791
20792
20796
20800
20802
20804
20808
20808
20810
20823
20835
20851
20851
20859
20862
20864
20866
20869
20869
20875
20877
20883
20886
20887
20888
20889
20891
20893
20906
20918
20922
20929
20930
20930
20930
20931
20933
20939
20946
20947
20955
20957
20960
20961
20964
20967
20968
20972
20974
20974
20976
20978
20981
20987
20987
20989
20997
20999
21000
21007
21008
21013
21015
21017
21018
21021
21023
21023
21024
21025
21031
21031
21031
21036
21045
21048
21049
21050
21052
21059
21060
21065
21070
21070
21076
21085
21086
21088
21091
21092
21093
21099
21100
21108
21115
21115
21115
21122
21131
21135
21137
21141
21148
21149
21151
21159
21161
21163
21163
21171
21172
21172
21175
21177
21188
21194
21195
21195
21198
21199
21202
21205
21205
21207
21210
21212
21214
21221
21227
21232
21238
21249
21250
21256
21264
21269
21270
21278
21290
21295
21303
21307
21308
21308
21311
21311
21320
21325
21326
21329
21335
21336
21341
21346
21346
21347
21348
21356
21357
21358
21362
21372
21375
21379
21379
21383
21387
21393
21394
21397
21399
21405
21420
21421
21423
21430
21433
21441
21441
21442
21443
21446
21447
21456
21460
21461
21463
21465
21466
21467
21468
21471
21471
21472
21479
21484
21484
21487
21487
21487
21488
21491
21492
21499
21502
21502
21504
21509
21511
21523
21526
21530
21535
21540
21546
21549
21550
21553
21553
21555
21556
21557
21559
21559
21563
21564
21569
21575
21581
21581
21583
21585
21594
21595
21605
21612
21612
21615
21616
21621
21630
21632
21636
21638
21643
21645
21648
21666
21668
21672
21673
21680
21681
21685
21687
21688
21697
21699
21706
21707
21719
21721
21723
21724
21726
21728
21734
21734
21736
21737
21740
21745
21748
21750
21752
21754
21757
21758
21758
21762
21772
21772
21774
21775
21779
21802
21803
21805
21808
21811
21811
21813
21813
21814
21817
21817
21824
21825
21833
21836
21839
21849
21854
21858
21859
21863
21874
21877
21882
21885
21887
21895
21901
21908
21917
21919
21927
21928
21929
21943
21947
21947
21947
21947
21951
21955
21960
21964
21973
21974
21977
21983
21986
21986
21991
21992
21996
21998
22001
22006
22009
22019
22026
22029
22033
22036
22036
22038
22038
22043
22045
22045
22046
22054
22054
22054
22059
22068
22080
22084
22085
22086
22087
22088
22093
22096
22097
22102
22113
22115
22122
22123
22124
22128
22134
22140
22142
22144
22145
22146
22147
22148
22148
22150
22151
22154
22156
22160
22161
22171
22174
22178
22179
22180
22186
22192
22192
22192
22194
22210
22212
22217
22219
22221
22225
22231
22263
22264
22265
22266
22271
22280
22282
22294
22298
22300
22300
22308
22309
22309
22311
22315
22318
22329
22330
22336
22343
22347
22352
22355
22366
22366
22371
22374
22384
22387
22394
22417
22419
22421
22429
22430
22432
22433
22434
22437
22439
22439
22441
22442
22443
22443
22444
22446
22447
22447
22448
22448
22449
22465
22465
22467
22474
22483
22484
22485
22486
22489
22492
22494
22497
22498
22498
22504
22504
22504
22505
22506
22506
22508
22508
22511
22513
22513
22514
22535
22537
22538
22539
22541
22548
22553
22553
22554
22556
22558
22567
22567
22569
22570
22575
22578
22584
22587
22592
22593
22604
22607
22613
22625
22626
22634
22635
22637
22641
22641
22643
22643
22649
22649
22650
22650
22650
22651
22653
22653
22655
22665
22665
22667
22670
22671
22672
22672
22678
22681
22683
22690
22691
22693
22699
22703
22710
22712
22712
22718
22727
22735
22739
22739
22742
22747
22747
22751
22753
22755
22770
22773
22783
22786
22787
22794
22796
22798
22798
22800
22805
22806
22808
22809
22811
22819
22826
22827
22832
22839
22842
22843
22843
22844
22850
22856
22859
22859
22860
22869
22869
22871
22876
22876
22884
22885
22887
22890
22892
22894
22898
22903
22904
22906
22907
22915
22918
22919
22928
22929
22932
22941
22947
22951
22953
22958
22959
22962
22965
22979
22980
22981
22984
22985
22994
22994
22997
22998
23003
23010
23011
23017
23017
23018
23018
23020
23021
23024
23028
23030
23034
23048
23049
23055
23056
23058
23063
23064
23064
23064
23068
23069
23069
23072
23076
23083
23087
23090
23094
23097
23098
23103
23103
23107
23110
23115
23115
23129
23130
23132
23135
23136
23138
23142
23146
23147
23148
23149
23153
23158
23171
23182
23184
23185
23185
23185
23195
23198
23202
23203
23204
23211
23221
23222
23222
23230
23232
23232
23232
23237
23239
23248
23251
23254
23258
23258
23263
23270
23273
23279
23283
23284
23286
23286
23292
23305
23306
23309
23310
23312
23315
23316
23318
23323
23323
23327
23335
23336
23336
23337
23338
23341
23347
23349
23351
23353
23360
23365
23366
23366
23368
23372
23372
23385
23388
23389
23392
23395
23395
23396
23399
23409
23409
23409
23410
23411
23414
23418
23419
23422
23424
23425
23426
23430
23432
23436
23443
23443
23452
23453
23455
23456
23462
23468
23469
23477
23481
23485
23485
23490
23490
23492
23495
23495
23496
23501
23504
23505
23506
23510
23520
23531
23538
23540
23540
23544
23549
23553
23554
23559
23560
23563
23564
23568
23572
23585
23588
23589
23594
23596
23597
23602
23604
23605
23614
23616
23620
23622
23626
23627
23629
23631
23637
23641
23653
23654
23657
23659
23662
23665
23667
23670
23671
23671
23676
23685
23685
23685
23689
23692
23700
23701
23703
23704
23707
23708
23716
23716
23716
23717
23724
23725
23727
23731
23735
23738
23746
23757
23757
23762
23770
23771
23773
23777
23780
23782
23792
23807
23808
23811
23811
23814
23817
23819
23819
23819
23822
23823
23823
23834
23840
23843
23849
23852
23852
23855
23855
23867
23867
23868
23877
23882
23883
23887
23888
23888
23888
23890
23891
23892
23908
23919
23923
23925
23928
23930
23933
23934
23935
23943
23945
23950
23950
23952
23956
23957
23964
23970
23971
23972
23978
23987
23991
23993
23998
24008
24010
24013
24015
24018
24019
24020
24022
24023
24032
24043
24044
24044
24045
24047
24055
24060
24069
24074
24083
24088
24088
24089
24099
24099
24100
24105
24115
24118
24121
24123
24129
24135
24136
24138
24139
24141
24141
24143
24146
24147
24147
24148
24151
24151
24156
24157
24163
24164
24169
24174
24174
24181
24182
24190
24190
24191
24192
24192
24199
24204
24204
24209
24212
24212
24212
24213
24216
24217
24224
24225
24228
24228
24232
24234
24244
24249
24250
24262
24263
24266
24269
24270
24273
24276
24284
24288
24289
24296
24296
24300
24301
24308
24310
24314
24319
24319
24322
24332
24334
24336
24338
24342
24343
24347
24351
24351
24352
24352
24356
24356
24363
24370
24370
24370
24376
24384
24387
24390
24390
24390
24393
24394
24398
24402
24403
24407
24407
24408
24414
24421
24423
24425
24439
24441
24442
24442
24444
24446
24450
24454
24456
24459
24460
24462
24465
24468
24471
24474
24475
24475
24476
24477
24482
24485
24491
24492
24492
24499
24504
24507
24509
24511
24512
24515
24515
24519
24523
24528
24531
24533
24538
24540
24541
24551
24552
24554
24555
24556
24558
24558
24561
24564
24568
24575
24579
24581
24582
24585
24587
24590
24591
24592
24595
24595
24598
24606
24612
24613
24619
24624
24625
24629
24634
24636
24637
24637
24638
24638
24658
24667
24672
24677
24683
24684
24684
24686
24686
24687
24687
24689
24692
24694
24694
24695
24706
24711
24714
24723
24729
24737
24739
24739
24743
24745
24748
24753
24757
24764
24771
24772
24773
24774
24775
24776
24777
24779
24780
24781
24791
24800
24804
24817
24821
24821
24822
24825
24829
24833
24838
24843
24843
24843
24845
24847
24851
24858
24859
24860
24860
24863
24871
24876
24877
24881
24881
24881
24882
24883
24887
24905
24906
24906
24909
24914
24915
24916
24918
24919
24921
24921
24922
24928
24928
24932
24936
24937
24941
24944
24946
24948
24961
24962
24965
24966
24967
24968
24970
24970
24975
24976
24979
24983
24984
24986
24991
24992
24994
24998
25004
25005
25010
25015
25017
25017
25018
25019
25025
25027
25028
25030
25032
25041
25044
25045
25048
25048
25053
25054
25054
25056
25057
25057
25058
25060
25062
25071
25075
25085
25098
25099
25104
25110
25112
25114
25116
25118
25118
25122
25129
25139
25145
25146
25147
25153
25169
25186
25189
25193
25194
25196
25206
25210
25212
25212
25216
25224
25224
25225
25228
25229
25233
25236
25236
25236
25242
25249
25251
25251
25259
25260
25261
25262
25271
25274
25275
25275
25278
25278
25283
25285
25287
25287
25292
25295
25295
25296
25304
25309
25313
25316
25318
25323
25323
25327
25328
25328
25328
25329
25329
25331
25334
25342
25344
25344
25352
25356
25357
25365
25367
25368
25370
25374
25376
25377
25377
25390
25402
25404
25406
25412
25414
25421
25426
25426
25427
25430
25434
25437
25437
25442
25448
25449
25453
25454
25457
25462
25463
25464
25468
25470
25470
25471
25481
25483
25487
25487
25489
25489
25490
25493
25495
25500
25506
25510
25511
25511
25513
25517
25523
25524
25524
25524
25531
25531
25535
25541
25542
25545
25552
25554
25556
25557
25558
25560
25562
25577
25578
25582
25585
25588
25589
25591
25593
25603
25605
25605
25609
25613
25615
25616
25618
25619
25619
25620
25627
25632
25635
25636
25642
25656
25659
25659
25661
25663
25664
25671
25675
25675
25679
25681
25683
25683
25684
25687
25689
25698
25700
25700
25700
25710
25714
25717
25717
25719
25728
25731
25732
25732
25735
25736
25737
25745
25748
25750
25752
25755
25760
25768
25768
25770
25770
25772
25773
25773
25774
25779
25780
25781
25785
25786
25791
25797
25799
25800
25800
25805
25807
25809
25818
25820
25825
25826
25826
25826
25830
25832
25833
25833
25846
25846
25849
25856
25862
25871
25877
25879
25881
25887
25899
25903
25905
25909
25909
25911
25915
25916
25929
25933
25934
25936
25938
25941
25944
25949
25950
25959
25961
25981
25981
25983
25984
25985
25992
25992
25995
25999
26000
26003
26006
26009
26013
26015
26020
26023
26024
26025
26025
26034
26039
26042
26044
26046
26047
26049
26049
26051
26055
26056
26056
26059
26073
26075
26076
26080
26087
26100
26102
26103
26107
26109
26118
26118
26120
26121
26123
26125
26130
26130
26132
26134
26135
26146
26148
26160
26166
26166
26168
26173
26176
26178
26184
26192
26197
26200
26202
26202
26205
26210
26213
26217
26218
26219
26228
26228
26230
26231
26235
26237
26238
26244
26250
26252
26254
26255
26265
26269
26273
26278
26279
26285
26290
26292
26298
26300
26308
26312
26316
26317
26322
26323
26328
26336
26336
26345
26345
26345
26347
26347
26352
26358
26361
26368
26372
26374
26375
26380
26390
26391
26395
26398
26398
26405
26408
26408
26413
26418
26419
26421
26423
26424
26425
26429
26430
26430
26431
26434
26438
26439
26442
26445
26449
26455
26457
26467
26468
26480
26484
26485
26487
26488
26496
26497
26498
26500
26501
26503
26503
26504
26508
26509
26512
26512
26515
26518
26528
26529
26532
26533
26535
26535
26537
26539
26542
26548
26549
26556
26563
26563
26570
26572
26573
26576
26578
26582
26582
26583
26584
26587
26593
26594
26595
26595
26600
26601
26607
26607
26611
26612
26618
26620
26637
26638
26640
26643
26644
26644
26647
26658
26663
26668
26668
26668
26669
26671
26671
26675
26675
26680
26680
26680
26681
26687
26687
26691
26694
26697
26698
26701
26701
26704
26706
26708
26711
26711
26715
26726
26732
26735
26736
26739
26740
26740
26742
26746
26749
26759
26760
26763
26763
26776
26778
26781
26783
26783
26784
26790
26799
26802
26802
26804
26805
26805
26806
26814
26818
26819
26819
26819
26821
26822
26826
26826
26826
26827
26827
26829
26835
26840
26841
26843
26844
26847
26847
26854
26857
26865
26865
26868
26879
26879
26885
26885
26888
26889
26890
26890
26893
26893
26896
26900
26900
26901
26901
26901
26910
26911
26912
26923
26925
26925
26938
26941
26947
26948
26951
26953
26958
26961
26962
26965
26967
26968
26971
26974
26974
26978
26983
26996
26998
27003
27003
27005
27012
27023
27026
27028
27032
27033
27045
27045
27046
27049
27052
27077
27081
27084
27084
27085
27086
27095
27098
27099
27099
27100
27104
27104
27106
27110
27110
27111
27112
27120
27120
27125
27126
27127
27127
27134
27140
27142
27142
27152
27153
27159
27159
27163
27166
27174
27176
27179
27187
27187
27201
27215
27231
27242
27242
27247
27249
27251
27254
27262
27263
27264
27265
27273
27276
27276
27278
27280
27281
27286
27294
27296
27299
27300
27302
27303
27304
27309
27310
27311
27311
27314
27316
27326
27329
27329
27333
27333
27336
27337
27337
27339
27339
27341
27342
27346
27351
27355
27365
27371
27372
27379
27388
27390
27390
27398
27400
27401
27401
27404
27415
27415
27416
27419
27422
27422
27429
27430
27432
27438
27444
27448
27453
27455
27457
27460
27462
27462
27466
27468
27475
27476
27476
27478
27478
27479
27481
27481
27484
27484
27485
27485
27490
27490
27492
27493
27498
27502
27503
27503
27505
27515
27516
27519
27521
27526
27529
27530
27535
27558
27558
27568
27578
27596
27603
27612
27614
27618
27619
27622
27627
27629
27630
27631
27633
27641
27643
27645
27651
27657
27666
27666
27668
27668
27671
27672
27677
27678
27678
27679
27679
27680
27680
27684
27686
27689
27690
27692
27703
27705
27705
27709
27711
27714
27717
27722
27726
27728
27728
27731
27732
27734
27735
27740
27741
27743
27745
27745
27746
27753
27759
27759
27764
27766
27767
27773
27773
27774
27775
27782
27784
27785
27787
27789
27790
27790
27792
27795
27798
27815
27816
27817
27817
27817
27822
27830
27831
27834
27838
27841
27844
27846
27848
27853
27862
27867
27868
27868
27877
27885
27886
27889
27890
27891
27891
27896
27906
27906
27907
27907
27907
27917
27920
27921
27921
27923
27923
27925
27925
27929
27936
27938
27943
27944
27947
27952
27952
27959
27959
27960
27967
27971
27978
27991
27991
27994
27994
27996
27998
28001
28005
28007
28008
28014
28027
28031
28032
28039
28046
28049
28058
28070
28072
28073
28074
28074
28077
28078
28080
28084
28091
28092
28097
28099
28100
28106
28113
28117
28119
28120
28126
28138
28140
28141
28142
28150
28150
28150
28151
28151
28153
28154
28155
28157
28158
28176
28177
28180
28185
28189
28195
28197
28198
28200
28200
28200
28208
28210
28218
28225
28225
28228
28231
28233
28233
28233
28237
28240
28240
28244
28245
28249
28250
28265
28267
28273
28276
28278
28279
28281
28283
28289
28289
28291
28292
28296
28297
28299
28301
28309
28313
28317
28318
28320
28326
28331
28334
28338
28338
28339
28346
28353
28354
28356
28364
28371
28373
28377
28379
28393
28394
28405
28408
28409
28410
28410
28418
28419
28420
28422
28422
28425
28431
28432
28436
28437
28438
28438
28442
28445
28450
28454
28458
28460
28462
28463
28464
28469
28471
28473
28481
28482
28485
28493
28499
28501
28503
28505
28509
28511
28511
28517
28520
28520
28524
28525
28527
28529
28533
28534
28544
28546
28555
28558
28559
28560
28561
28579
28580
28583
28583
28583
28583
28587
28588
28588
28590
28593
28597
28600
28600
28605
28608
28608
28608
28608
28617
28631
28634
28635
28637
28639
28643
28643
28648
28658
28669
28672
28675
28678
28683
28688
28693
28698
28711
28714
28731
28732
28732
28739
28740
28741
28745
28747
28754
28754
28754
28756
28756
28760
28762
28762
28766
28770
28771
28771
28774
28778
28793
28799
28803
28805
28806
28807
28807
28810
28818
28819
28825
28826
28829
28830
28831
28836
28836
28838
28847
28848
28848
28852
28857
28858
28860
28861
28864
28864
28865
28866
28867
28869
28875
28876
28877
28878
28884
28891
28892
28894
28901
28911
28914
28915
28917
28918
28921
28921
28922
28924
28925
28926
28932
28942
28942
28951
28951
28954
28957
28958
28964
28964
28971
28971
28977
28983
28989
28990
28997
28997
29009
29012
29021
29027
29035
29036
29047
29056
29060
29063
29065
29066
29067
29068
29073
29074
29084
29086
29087
29097
29099
29100
29101
29101
29103
29111
29122
29125
29130
29131
29131
29132
29139
29143
29145
29148
29151
29157
29162
29165
29167
29169
29170
29173
29176
29177
29178
29183
29184
29184
29187
29189
29191
29192
29193
29194
29197
29197
29198
29207
29209
29215
29217
29220
29229
29230
29231
29236
29237
29246
29248
29250
29253
29263
29274
29279
29287
29295
29295
29304
29307
29307
29307
29308
29313
29314
29315
29316
29317
29319
29320
29322
29324
29325
29326
29340
29343
29356
29357
29357
29363
29367
29370
29374
29377
29379
29381
29383
29387
29387
29388
29390
29394
29395
29399
29402
29405
29408
29409
29409
29411
29416
29418
29420
29423
29427
29429
29432
29434
29438
29439
29441
29442
29443
29450
29451
29464
29470
29471
29472
29478
29478
29478
29478
29479
29481
29488
29489
29497
29502
29504
29505
29507
29509
29509
29517
29519
29532
29537
29538
29540
29540
29544
29550
29551
29555
29557
29559
29560
29565
29567
29571
29571
29573
29575
29583
29593
29594
29595
29598
29600
29601
29606
29606
29607
29607
29608
29614
29619
29619
29622
29623
29624
29626
29627
29629
29630
29631
29632
29634
29634
29634
29642
29643
29648
29648
29649
29654
29654
29660
29661
29664
29666
29670
29673
29688
29689
29698
29698
29701
29703
29704
29708
29709
29710
29723
29724
29733
29735
29737
29738
29741
29744
29754
29754
29755
29755
29758
29762
29762
29764
29765
29768
29776
29776
29783
29785
29797
29806
29806
29807
29811
29821
29823
29823
29832
29833
29843
29845
29846
29849
29850
29853
29854
29855
29868
29869
29870
29872
29873
29875
29877
29879
29879
29887
29887
29888
29890
29893
29898
29907
29907
29913
29920
29923
29931
29937
29939
29940
29949
29952
29953
29954
29959
29971
29974
29982
29987
29987
29987
29994
29998
29998
30001
30002
30004
30006
30014
30019
30019
30021
30022
30030
30033
30034
30034
30035
30038
30038
30044
30046
30047
30048
30052
30058
30059
30066
30067
30071
30072
30073
30075
30076
30088
30093
30102
30106
30107
30113
30115
30117
30117
30119
30122
30124
30132
30135
30139
30140
30143
30144
30146
30153
30155
30158
30170
30180
30185
30187
30188
30188
30189
30192
30197
30206
30207
30209
30209
30209
30213
30214
30219
30220
30234
30235
30242
30250
30255
30256
30256
30261
30265
30273
30284
30285
30286
30289
30290
30292
30298
30298
30302
30302
30303
30305
30307
30308
30316
30322
30328
30328
30335
30336
30337
30340
30342
30342
30346
30346
30351
30351
30351
30352
30354
30354
30368
30369
30371
30374
30376
30377
30379
30379
30379
30379
30380
30381
30382
30383
30387
30389
30391
30393
30393
30397
30400
30407
30407
30415
30422
30423
30425
30438
30440
30441
30444
30447
30448
30455
30456
30456
30459
30459
30468
30479
30482
30489
30491
30494
30510
30521
30525
30526
30534
30538
30539
30541
30542
30543
30556
30557
30560
30562
30569
30572
30573
30575
30581
30587
30588
30589
30598
30622
30624
30626
30626
30629
30632
30634
30636
30639
30641
30645
30646
30652
30652
30652
30653
30654
30671
30673
30682
30683
30686
30688
30698
30701
30702
30717
30717
30728
30736
30736
30742
30742
30744
30748
30756
30757
30761
30768
30768
30774
30775
30776
30781
30781
30792
30794
30795
30796
30800
30802
30805
30813
30820
30820
30827
30831
30833
30834
30835
30841
30842
30846
30850
30856
30857
30859
30867
30868
30876
30876
30886
30888
30888
30891
30892
30897
30899
30902
30903
30904
30909
30913
30914
30915
30917
30917
30927
30928
30942
30945
30953
30955
30958
30967
30968
30979
30986
30986
31002
31003
31006
31012
31013
31017
31018
31019
31020
31022
31023
31025
31026
31029
31033
31039
31046
31051
31052
31054
31056
31057
31064
31066
31069
31072
31075
31079
31089
31090
31090
31096
31099
31104
31107
31109
31115
31116
31117
31118
31120
31123
31124
31126
31132
31133
31134
31135
31142
31142
31147
31148
31149
31155
31161
31166
31168
31176
31177
31179
31179
31182
31187
31198
31200
31219
31233
31234
31242
31247
31249
31251
31257
31259
31269
31274
31275
31276
31289
31292
31297
31305
31306
31312
31316
31316
31317
31318
31324
31324
31332
31336
31336
31342
31344
31355
31358
31361
31365
31368
31382
31387
31392
31397
31399
31399
31412
31412
31414
31417
31418
31419
31420
31435
31435
31438
31445
31452
31454
31458
31462
31465
31470
31474
31487
31488
31496
31498
31501
31501
31510
31511
31511
31517
31523
31523
31528
31529
31529
31532
31534
31534
31535
31535
31538
31543
31544
31545
31546
31547
31547
31555
31558
31559
31561
31561
31564
31569
31569
31572
31576
31577
31583
31583
31585
31591
31592
31593
31597
31598
31607
31614
31615
31616
31616
31621
31623
31624
31627
31628
31629
31630
31635
31637
31637
31639
31639
31639
31645
31648
31649
31651
31654
31656
31663
31663
31664
31666
31671
31676
31678
31679
31681
31683
31684
31685
31687
31688
31694
31696
31698
31700
31700
31704
31707
31709
31710
31712
31713
31724
31725
31727
31729
31733
31736
31736
31738
31743
31745
31750
31751
31753
31756
31758
31761
31773
31777
31777
31792
31795
31804
31812
31812
31812
31812
31821
31829
31830
31832
31837
31838
31840
31841
31844
31854
31855
31857
31862
31873
31874
31880
31883
31886
31889
31889
31891
31899
31900
31901
31903
31904
31911
31914
31919
31921
31921
31923
31924
31930
31932
31940
31941
31944
31958
31959
31962
31963
31967
31970
31973
31974
31976
31977
31979
31980
31984
31988
31991
31992
31997
32003
32012
32013
32013
32013
32017
32022
32023
32023
32037
32042
32043
32043
32053
32053
32063
32065
32067
32070
32074
32074
32080
32080
32086
32091
32093
32096
32097
32098
32103
32103
32108
32110
32110
32111
32112
32121
32122
32123
32130
32131
32133
32134
32140
32141
32141
32147
32151
32153
32154
32156
32158
32165
32167
32167
32170
32173
32174
32174
32175
32178
32180
32182
32186
32186
32190
32195
32195
32195
32196
32203
32204
32204
32205
32209
32215
32218
32222
32224
32226
32226
32229
32239
32240
32243
32245
32252
32256
32263
32264
32269
32269
32271
32272
32275
32277
32278
32283
32283
32285
32291
32300
32301
32303
32303
32305
32307
32307
32308
32308
32309
32313
32317
32322
32324
32324
32330
32335
32336
32340
32342
32345
32355
32357
32358
32359
32361
32363
32367
32368
32382
32383
32386
32389
32391
32394
32399
32400
32408
32412
32412
32417
32419
32420
32420
32421
32422
32424
32429
32430
32440
32441
32443
32454
32456
32456
32458
32458
32461
32462
32464
32482
32485
32486
32490
32492
32492
32493
32495
32498
32499
32500
32502
32505
32506
32507
32509
32511
32515
32518
32519
32520
32534
32539
32539
32541
32542
32543
32543
32549
32550
32555
32558
32566
32572
32575
32576
32578
32580
32581
32582
32584
32587
32599
32606
32606
32609
32609
32614
32617
32623
32628
32630
32631
32638
32648
32652
32653
32654
32654
32656
32657
32662
32663
32668
32670
32671
32672
32674
32676
32681
32686
32692
32699
32701
32703
32704
32705
32706
32709
32710
32718
32722
32723
32726
32731
32731
32734
32735
32737
32744
32746
32746
32750
32752
32753
32754
32757
32762
32763
