100
17748
2443
20863
30539
6817
2403
11775
15352
29523
27485
8996
28046
1219
14523
22842
1786
17075
10380
13347
357
4925
21457
18160
18800
32521
29919
9646
6590
12739
13828
2434
24244
24268
21357
31481
1916
24112
5191
30361
26704
5593
24357
16316
4597
770
28066
21918
17029
30702
25415
16052
21362
25049
19375
7743
18632
11055
17384
18466
26034
3580
21277
18160
27200
27299
13938
2122
24167
30420
9264
9064
3658
22712
18978
28149
7095
622
2879
21280
18677
25019
16520
8432
24765
14333
308
16343
24454
11873
13835
2187
16902
31318
31760
11281
7413
9794
6754
25114
25108
