1000
4284
6519
32049
19505
21727
27962
4775
1490
13608
13075
25150
13284
21423
24458
15858
4544
10866
16504
18629
20657
5797
11023
31923
22033
11849
19226
19687
9390
5120
30598
14383
30067
15648
12322
24494
17220
24070
10403
30161
20009
28845
1259
6532
22959
2431
10891
29093
10891
28266
19334
7352
1921
9271
3672
18653
16772
26135
30518
2048
1823
15231
30360
13392
1811
8246
16629
30962
9794
29357
21453
21238
19659
7310
19437
7818
3703
10647
28911
1133
12884
16553
6656
23463
23967
13084
20454
21368
26087
5718
20545
31118
3696
7068
22032
28794
13526
6695
19320
27237
12530
32635
18625
15359
27649
6644
1186
7097
29443
29090
6590
24884
2146
9047
17774
22777
30932
29181
961
106
14210
557
11457
15865
1386
29694
30456
27031
10242
20251
819
14703
29470
29977
21894
26325
10771
3591
24464
8057
31773
9030
0
5857
8190
23707
7000
19478
21224
4994
12786
22429
16029
12485
5952
21928
2773
2126
11863
16526
7648
10041
20399
20345
20620
18478
15396
11614
6473
25070
16705
7219
29323
1067
29374
22620
112
30365
7495
20582
14755
20050
22144
1271
6016
27974
20037
9477
4473
8243
17718
14919
26552
20138
19571
31209
261
29027
12964
3460
24555
17106
16957
26701
29462
24058
13568
31885
17664
16262
195
25937
20173
23830
24947
22626
29299
18135
17497
29815
24605
1878
30876
16298
27346
13718
18695
27177
4177
28000
25357
10542
14400
8666
12042
15921
28294
32347
32204
32348
7414
18814
12114
28223
2093
32373
14035
17861
5053
4256
8195
28774
4491
3422
31121
23967
8309
4132
18676
13727
24120
15564
27495
17988
28817
13359
2098
15429
10659
14069
30764
31921
19353
27308
18046
12952
12172
29976
11945
25863
21415
25034
15307
10554
5257
1524
27934
17678
5610
22140
961
21941
7810
25679
23995
20141
27430
29432
573
25843
15669
23921
17191
14964
10290
15673
6094
24004
25266
1958
5372
29202
7801
5501
9785
4956
11232
18624
27721
19167
27770
17607
25846
10194
22774
27794
16400
20563
7751
7006
1457
7842
5635
19318
29125
7821
7689
8012
10442
32555
4967
200
10709
19661
29819
19168
8662
1842
28248
12649
1052
26618
22890
23341
3100
27997
26974
25149
3182
32029
5180
11913
12056
13241
29910
24237
2831
13284
11366
13070
13051
2613
1907
12070
8507
31008
27124
25884
9513
16677
18104
8088
13727
14663
9733
24021
19642
19392
32640
22008
12509
10995
27468
29088
20217
21154
28278
30910
2572
10593
26257
24231
9192
22091
22685
25959
9014
7923
10030
2904
23226
24990
29642
30452
30169
32687
12178
21736
11864
19554
7972
23657
3942
21437
21953
28107
27101
3524
27563
32592
24005
20973
29649
19518
7450
7891
29870
31284
19406
2606
26735
10429
8466
27907
2132
7974
11730
8216
26456
3213
27774
23723
8212
3643
32272
5475
6625
28724
14411
23431
10557
23563
26944
9326
3952
27131
29719
823
7535
18484
11020
10938
32256
27763
2744
19389
27423
981
14994
9068
21152
5357
30389
19971
11799
2068
18148
12750
4597
2560
9931
5715
14323
31897
903
15310
2228
27143
12905
1757
26789
11792
17655
5245
19497
18849
24116
18997
22259
5290
27938
13969
2738
16943
28804
21970
18676
27293
10216
3812
11332
4186
21989
31888
31894
21151
30626
22259
17126
17034
5527
4399
16411
3695
4504
32608
19249
30576
5647
6354
23191
17741
2697
10865
15574
11389
12660
3456
17524
23165
21286
13966
27416
7272
6690
12454
12270
21448
1175
22727
13645
11691
3882
28051
24984
20474
31989
18251
1890
28935
24784
19451
22741
3429
19407
29682
10836
12284
17676
29301
18527
92
28326
22197
25783
2898
31753
14590
24259
31161
23920
18480
27443
10643
17577
19315
24291
23897
26392
27687
8450
30095
8447
23578
2163
26778
24061
11262
10355
27862
27348
26138
20605
2276
5231
16703
17258
32321
14371
32766
27101
16925
10549
20504
990
30826
3996
15926
7621
9523
9225
4570
19546
2095
27941
9622
29754
22166
25113
3964
8317
18227
5716
11733
11413
9403
21128
27670
17785
23133
16118
21519
1540
11930
748
16230
12951
8279
32140
15684
22534
6704
31694
78
20914
28688
4041
26839
31474
23294
27950
32595
4024
26426
28437
29455
113
2185
11004
28960
15660
18637
13580
26522
15359
17624
31135
2306
16038
27522
20480
9221
7022
13049
10865
9065
3410
14425
1907
19013
20323
32125
2113
109
1901
14612
20638
17201
17367
27895
5072
3655
4299
14010
29421
20741
26775
3712
4181
17363
851
26644
31872
12769
18884
27190
24570
2837
28545
12339
1707
21064
30804
18873
12380
15281
11491
27880
19063
4001
17040
3756
30478
9585
15005
21835
1311
2745
15508
6458
15895
10947
28646
26677
11412
2624
6354
16014
16495
27449
31880
27334
29690
27976
20623
20314
22150
32263
14692
30431
8233
11721
7268
11857
12990
15496
18667
6569
11308
29471
15550
30381
28140
7353
1958
524
15813
13450
4702
12970
25562
7101
19631
16185
27111
27565
1754
8713
24520
14423
31286
3873
18747
22288
17690
4238
6374
32115
24061
15611
23708
19614
16860
15490
32476
7326
25053
4034
16794
7207
5169
19762
22082
6280
3134
18612
14075
479
7678
22894
9513
32649
20642
12757
28981
10461
1148
32266
28560
13850
12315
15466
16117
15773
30904
1121
17391
20824
10705
12158
32156
4223
20499
6349
6064
388
31613
26209
23996
18502
27843
4400
29617
3206
12784
7972
30624
9370
30288
17262
28867
22629
2445
22814
12225
20614
25112
27632
1070
1488
7882
17257
27473
17658
19404
9251
7211
6808
28340
15206
5300
15178
7664
26871
3176
15412
10088
23349
28674
12206
2655
12641
19080
31292
18586
6206
16263
29632
21189
5338
31392
10478
5138
29099
14403
20737
24867
477
19387
19372
20010
12011
18027
15188
12367
1133
9303
3964
20050
11825
8678
4993
1137
7308
7910
21895
24460
17138
13008
31155
29575
9413
22093
19867
28912
9323
17914
12282
15841
18595
616
8361
5672
27673
4456
3274
30374
2872
25733
11078
22517
9279
2257
32123
31822
23959
997
18478
21673
26212
547
6343
16677
17754
14910
10941
12459
2513
10749
16719
25550
4892
4155
18805
22262
25111
18483
22550
6078
10496
27130
22651
2458
3464
21581
32516
23997
20777
909
21529
16954
