10000
21433
23048
27492
3177
9280
15738
6973
25228
5127
11732
18534
10418
32753
14651
6649
13532
17422
29012
10654
3679
3438
17855
1025
15497
32307
26593
3460
26759
22506
7143
7985
22150
8220
6919
28658
31257
29471
27401
7684
10715
31026
20231
27817
13909
12746
13681
2589
26658
2342
18259
29132
10576
27689
31963
16066
24074
20073
23318
611
12404
22148
16122
29532
21463
9395
22953
2265
766
26529
16884
22009
15840
13181
16158
14718
2687
20301
12515
13770
15631
27782
14521
1287
2907
31962
2134
15781
28517
6738
31090
6921
7500
13724
21198
16003
4211
32422
24181
31873
29664
15212
13634
2563
27106
270
25506
7759
30455
805
19355
23782
5100
27991
26638
7094
11078
31529
21817
22929
1505
16917
17023
30942
27351
25053
12652
4751
30371
3870
9716
30035
28039
11304
11259
9484
3371
25613
22043
28291
8582
31736
6561
25434
24833
20160
11224
21059
21466
9917
17547
3952
19143
27099
27077
8523
10461
19436
10459
9574
1199
31555
24748
437
25786
31614
296
13819
6913
8867
25615
24962
1012
27759
8955
20751
11414
6122
3745
10517
9183
17215
11092
41
31583
31179
22219
32182
15141
26740
31523
20722
19679
11324
29479
5136
8771
28437
976
28600
6829
18168
3848
4788
27657
2865
25523
20972
4851
5117
20208
1172
3613
6230
21148
28836
26865
7694
9497
23432
22904
12315
24141
4889
30075
20274
30189
717
17128
20631
30459
10538
10102
7987
3213
385
31628
4839
19409
13784
17504
21024
24398
11560
22876
29099
30572
18889
30917
18123
9271
27690
3998
8073
31840
3525
14538
21836
13700
2130
14194
28073
4529
23867
28838
15740
17959
4433
10311
16952
16219
28861
1316
9595
26178
20281
8291
7910
19147
6272
9251
10283
22446
17666
15711
14183
29540
1757
25877
29619
12918
17161
17576
6133
32507
10962
14724
30717
22876
2444
15360
23501
5723
6786
11656
9527
15956
31535
20987
29614
29122
3505
30802
14934
30468
24442
5763
31837
21858
26697
23716
9102
8523
13656
852
9507
24032
21719
22871
26843
6071
5530
21632
9805
7384
28431
10708
11388
30220
9586
12524
18347
1368
32324
5787
14707
28100
6393
8913
30482
10336
16369
5567
8710
27273
17833
24636
28379
16745
16947
15208
28225
1725
17635
25487
27745
4827
20044
31312
23153
20467
9834
21502
30342
4757
25377
13382
9642
23411
13030
15890
13359
26217
16317
6830
28739
10938
15971
7209
21188
12445
32204
24319
10837
24568
2768
12020
31921
11371
15393
13123
4671
17040
14976
9720
24551
6785
22832
6811
17189
5019
21163
6158
17499
32130
15765
2488
21356
12901
19950
19428
12934
9860
13963
22371
831
4335
16071
20601
10724
4496
24694
31991
31501
30827
538
26020
26485
4645
8538
9953
6665
7619
431
13453
15423
20405
13153
5415
21673
1555
1714
22578
29642
4646
16216
19422
9000
15146
7217
13796
19106
24146
1843
5042
4
20493
418
9672
29913
25224
8325
19042
30337
13684
11610
27479
13443
13065
16137
833
16676
24139
24343
32222
56
22156
3868
30646
30776
13362
17015
8446
14741
8890
8256
18365
20556
23549
8574
19757
29627
26802
24474
2660
26802
18997
10004
26675
18894
29063
8821
11855
10754
10133
12677
19886
17783
19133
16573
10804
13462
1422
13567
10127
21859
25295
16261
32096
24332
25283
11800
5787
21441
30124
2946
48
17607
32654
9285
10987
7368
18741
17293
1176
25710
633
15460
11372
13616
14785
4901
18080
20075
27846
23347
13151
180
5786
7402
11490
25453
24296
22486
4314
2198
20093
29987
22798
8934
11527
15957
1861
21018
27677
11322
2150
2446
17280
8732
21214
17674
25249
26938
17474
32734
23395
122
565
8753
10785
5208
25229
22678
32499
13090
7857
2528
11309
4455
22085
24376
24105
29357
9482
4716
71
2658
20479
30346
29489
26901
19917
28334
30820
18918
11873
18200
30444
21563
9691
9345
32110
9653
16039
32175
9580
14435
30441
21320
15301
31029
19743
6628
21115
8883
2
2661
8121
12270
1452
19595
19989
31671
32256
12227
8722
24592
9287
26176
6377
27104
1047
30285
25737
29931
30073
21986
26844
17408
9290
25717
7756
26996
9954
14098
32134
5072
26612
27310
22653
4807
26549
28857
17586
10347
6209
2546
31412
31392
22842
25471
20194
14544
22194
2621
10104
18912
20299
10325
5066
5731
1436
16656
26826
17166
24791
24300
1744
28524
169
26607
11419
19667
18530
3131
31635
8599
9558
739
4432
3197
5251
2301
23136
7283
11124
22264
581
4222
10341
48
9406
21491
19879
28864
9288
2794
3142
32151
18915
17136
16874
15055
4633
7164
3579
3130
19261
32165
520
9277
26865
11409
12650
25825
12522
21553
25636
22311
9464
22699
28942
11420
20032
1304
819
32558
19916
27120
20087
17214
22087
32706
30589
8182
29441
25129
12999
8669
16442
14075
24351
31656
30876
5571
7990
18772
31753
882
13964
2417
13207
22097
11663
16577
30425
5690
263
31745
22113
11528
24753
9223
28546
31564
16682
22541
11611
9538
17679
16973
6928
11267
16739
6862
11099
9979
24881
19581
6468
12702
11378
28799
17964
24919
30256
5062
14608
22465
30188
31458
8972
17690
4158
22554
3358
28405
4795
10172
4909
3886
26395
9905
20554
7971
412
5972
24629
25377
3745
18565
6691
18973
9119
4856
26814
30117
30521
16595
25454
32278
25770
4985
3287
18190
15972
23456
23203
30756
13302
22442
27265
28119
20275
19506
2157
14021
19601
2789
27187
28958
21199
23443
17454
7255
19931
31621
6998
13091
28914
10002
30842
8607
9225
24941
24777
27596
24684
28353
14231
6211
16549
13440
27998
13092
18335
29688
8195
32080
8971
4903
4187
7128
27907
26576
4334
23477
12525
14542
20987
23993
14243
27049
11964
16069
24273
1127
24554
4157
32670
5540
14212
13497
10382
3813
18893
29949
11942
9002
10132
24876
22994
20930
3511
21048
12421
4963
11754
8093
9887
23930
29877
23887
13203
28608
28860
13808
5065
8206
16195
13639
14657
6258
8689
5870
12154
15234
8660
27978
30354
8944
25510
13504
6574
27743
4431
10022
1180
18549
31914
25464
23735
50
24460
15821
24843
25728
23811
19337
5562
23563
10203
32723
16031
850
29287
27722
27952
4863
2942
31219
9641
115
19651
11894
24423
3238
15913
20875
25745
13614
4791
1711
21758
15261
25225
12059
20563
14096
17944
10230
2924
25605
14011
14538
21758
9837
22637
17973
19834
29187
4304
7393
22068
3291
3954
26805
31684
24638
11087
11341
24492
19381
14744
19624
25916
11876
16819
1313
9651
6809
12931
22433
28583
26533
31977
19730
21927
5611
14219
6679
4126
14646
12244
31738
13946
23888
3132
25062
5006
6352
25545
13910
6453
16947
28373
23757
14137
31534
13587
14280
6515
1603
23757
19184
4403
6803
32623
19861
11746
10739
10057
16728
18661
19777
23185
24871
2245
19193
22439
31855
8077
27651
26269
4748
18548
4815
25591
17029
18620
18596
26799
25334
30682
13621
13181
22093
4823
13430
14165
28473
24310
32429
29488
31072
24471
5836
30479
14929
9051
29438
14909
32441
27785
4992
9941
2009
14513
31666
32389
27959
27535
16750
31889
18068
8497
9880
22811
12831
27484
28918
4513
2792
32301
29762
6855
25495
4092
638
24407
6494
28805
13960
12422
4908
6986
19694
2937
292
18739
32515
22535
12365
17784
5171
1217
18059
2496
7571
9263
31438
25995
4028
28509
7561
13517
11994
20886
1382
27099
256
24944
13368
28299
15039
27401
18480
8343
23030
28559
3413
27971
25323
15878
17198
20544
29595
2373
27329
14799
8527
8002
12482
8234
21616
9616
18436
16415
5788
32550
18483
20734
1785
16226
25797
12213
26826
20046
4142
17722
64
8737
24403
11305
12690
12809
16706
22959
5712
1575
24352
19878
31988
2267
14434
3585
1722
32067
20289
29035
22449
16126
31079
32043
3346
12086
10479
23115
28113
29405
16780
9721
2419
26166
19976
8493
14623
27032
10737
908
14071
27503
29583
30093
16297
21379
23064
30170
29248
13181
7207
11769
25153
24743
19051
31275
4083
23283
8860
10388
15102
9535
5812
13213
17207
29399
21595
31639
3003
20027
24739
17313
5179
7459
7157
30155
15510
9665
16972
29307
26285
31046
15264
28432
27251
26535
20646
10182
4163
24737
6070
26841
1399
26107
11788
13038
32566
29451
4404
32430
32653
32123
11456
25524
28865
29517
28732
9897
2788
23069
356
29357
14247
29606
24212
16889
26735
2952
1407
14787
4779
21065
29220
32098
18020
27033
2558
15539
4885
1498
18299
443
11966
18655
14768
398
4916
14836
11339
29807
1467
32543
3017
14648
15574
15270
23017
18429
6238
14289
18016
14316
8146
13809
16334
23671
15086
6305
4337
15798
22655
15948
24088
28678
30581
13808
5851
3831
17978
12577
12298
24421
19522
22352
14819
23780
20964
24141
9864
13922
31336
3083
21680
32263
17505
1444
12956
4192
25661
3996
3405
30397
11546
9066
24564
18647
31707
32308
14250
20918
22651
3291
32609
31698
16802
22839
18458
18553
22134
23716
24921
22128
21172
23485
21974
15325
4351
12135
8310
14180
1912
7954
11641
31889
29326
12347
31733
8054
8728
3893
29571
25493
7329
29994
16952
29184
3330
12125
22231
15038
11831
11185
19268
1393
10603
11887
21308
30006
6741
5444
836
973
11719
19337
991
14330
3716
21447
1284
6954
5203
2683
1487
12890
26961
1558
17527
32309
6539
14408
27264
18044
16588
13438
18738
13483
19124
16298
14921
474
30986
3394
30958
15329
9299
19851
1766
26047
27300
28951
29194
30525
16564
17804
3575
32718
6453
20392
30214
28858
5733
1666
27519
21115
31200
21523
25609
26983
18104
32500
23653
3472
18887
24937
17244
14825
31812
4511
4342
5802
29845
24370
24045
757
22884
18930
3937
25017
2805
21991
27341
11735
30391
24723
9786
6531
18713
23414
18611
15597
29086
4056
28408
6177
11572
20418
18551
27692
2754
14414
24695
12161
7680
26912
1943
8603
21643
21813
29047
16867
8505
4316
23221
11731
29097
16641
19227
10844
8735
4017
18454
23685
25487
18907
2922
30038
18424
2644
4645
21748
26868
5662
6097
26893
23692
19946
20974
19062
27728
22747
32672
24083
17064
27789
8612
31992
613
22102
28296
26573
31899
10700
22300
2423
30899
14471
12068
19701
17084
14120
20047
2695
29698
13209
15725
20502
10722
16535
17372
2256
7900
31342
26947
18451
23018
18692
16259
15244
26640
793
2283
2208
21557
22221
3756
6410
20785
7011
15244
6854
18983
28740
20190
14126
19733
19783
15281
17764
937
26671
2120
31727
11863
4982
16842
26025
21928
31305
22587
7640
9685
24019
30379
6043
10388
14270
11181
29832
20786
26103
30219
11923
3810
17330
2488
6449
22869
21423
24838
32190
27530
24507
28185
22300
8424
12665
156
28830
10378
18530
13234
27684
730
12555
30768
29575
32097
24998
3849
6455
8413
16332
2058
11298
17812
13178
6343
728
16873
27481
24533
493
26413
13890
26681
24991
16567
5633
289
30393
18743
28505
15826
696
2631
31561
12770
20267
23107
23950
15783
6240
11355
1129
32495
2876
9958
13730
14833
23147
29689
27853
20100
11962
57
28364
3471
30400
7149
13973
705
22980
12888
7990
1666
20955
2885
28438
11305
12625
19171
10365
24687
5962
9171
17238
19491
6057
28544
13364
20256
6705
8367
25748
10109
13546
17495
98
6403
1479
1202
15550
10468
20357
25236
31743
16809
24022
6396
29432
21357
29887
24296
13179
17481
20287
31598
16412
17679
28977
24585
3383
24123
20595
15665
4917
18726
6472
17710
22026
27005
4603
4397
1538
31474
25030
23700
7614
18225
16113
2707
8569
30742
18494
10747
25489
23069
3461
27476
29250
8986
2972
15658
4788
4394
8057
679
27960
30185
13467
6247
20174
485
12966
7047
9196
25683
28237
9983
4218
4865
8564
31538
18721
20108
11926
17348
4549
14035
13157
28588
1360
939
11953
20362
2738
13781
15755
28218
6950
21549
13226
22441
15798
2339
4878
16871
23553
13423
9954
19582
21564
17665
17831
18947
27767
28471
32399
18410
2849
4947
13863
18590
22735
26668
30265
25554
12089
15908
29937
16657
31109
28249
5950
8349
27081
18976
29307
26230
10187
7855
4431
23481
23819
8473
32722
6699
16899
22144
25329
22038
4269
19589
7955
31316
70
13828
20989
19113
11858
16383
9202
86
6368
13015
13343
5354
3599
13250
9271
12124
13521
14969
1883
26455
4847
3889
14396
21205
13389
25805
23171
4591
22384
25426
2929
19699
17213
13979
1474
22712
10755
30030
15576
29998
15804
29710
13077
23097
22928
22770
3977
1728
25755
822
14029
1537
20976
6961
27438
7975
25054
24199
14350
8990
2162
31904
11400
19622
7484
5977
10579
26278
14422
15353
17897
11459
24739
26726
4328
6706
28501
28825
12216
6858
19634
22607
8558
21086
27159
29953
10480
28233
7485
27671
8794
13642
16571
24921
18337
18835
15820
27046
10359
20764
25427
5608
22894
30781
11804
10823
7775
636
26213
21917
5133
23972
13981
32042
7430
27415
8043
28810
5578
29540
27890
6627
5167
30748
4436
32355
13828
22498
2164
8938
17141
30914
10497
10499
9646
27844
1712
14361
68
17600
18888
1768
24528
1395
8164
6449
21341
29395
10740
1458
27140
9632
2950
22613
23637
7996
32580
25768
25849
20412
5309
7309
3222
16959
31592
16179
27891
25470
32485
29764
12125
5797
6279
10080
19017
3170
14864
14283
16954
4155
13755
20578
29157
16420
26496
31700
7571
25169
915
18702
21960
19785
11822
5111
27938
5692
16528
18014
1411
31126
24390
9520
30835
12756
17833
32239
7871
12438
27304
18527
15206
28150
25287
4227
3510
16921
9064
15559
20147
32003
2889
1151
7608
12464
21583
10896
8289
24928
21122
20589
22951
4146
9304
30022
31821
21492
14390
30076
15484
29754
19252
7767
25770
15021
17697
10747
12736
28326
5575
14232
14971
12028
30575
5090
26130
7706
15016
26049
13850
5204
32581
4937
26535
19579
32421
29420
12213
16046
19255
7406
5830
7540
10556
28954
14284
10504
25807
9396
26184
19700
18723
27822
32692
15329
7437
6174
27679
32174
18626
12016
4631
9151
2273
26840
16843
6040
21172
4235
23409
14250
19891
10031
13542
13932
1609
23568
660
28590
15835
11412
18329
10283
31751
16497
4390
27485
17705
22045
292
31637
6692
21383
27678
2122
9567
20228
3675
7857
14605
9356
7242
2191
690
27430
12836
3404
6114
24225
26316
18760
16460
4485
1530
3954
8440
31561
13720
2326
11469
14022
2668
2038
32342
1260
20472
16029
32454
26548
1950
21232
32313
26965
25352
32518
8508
25531
15815
13369
18320
23605
23098
29821
20523
18286
26034
22001
24192
18846
2003
25780
1280
18177
318
22266
30945
22665
7533
18271
13086
30928
31709
27003
8895
32080
29811
27830
21594
12246
6937
349
13018
7220
9896
13302
17791
26166
16138
4817
3878
15320
30368
20960
29387
14262
29409
24776
16716
18372
2116
10040
21615
27711
19808
23418
23335
25316
26962
10056
15123
4703
8544
3808
11080
18950
27100
20059
27728
10695
32330
8506
16754
18015
17605
10306
3892
24013
158
24970
17183
12295
6215
26322
26818
20459
29295
26134
4090
120
11887
2147
26736
29246
15333
15082
13922
29971
5534
3667
1191
29192
9146
8275
14317
16796
2314
17281
26438
12847
24509
22885
7651
21177
10556
4818
27166
21947
30034
2678
23998
8310
1168
28080
25463
23132
27120
10145
3505
4292
28600
17030
17035
17121
17313
29509
26910
27125
11833
837
31750
20930
22918
3203
9503
21825
27372
15331
18060
21399
29776
3524
5374
28997
126
14550
10034
31135
16072
15152
7868
29823
4592
15773
19972
17466
1609
16695
32654
24531
29464
19256
17022
32111
19264
780
24667
16649
24863
30379
24595
17255
8627
31013
14911
1357
2817
20350
8873
8944
25015
8125
2827
23469
27152
22080
17178
16891
10232
30034
22979
10143
27249
768
9141
6687
9781
2344
2847
888
25500
23506
3259
17171
17345
6595
1547
21238
24800
6992
14563
19768
3587
17265
10279
26039
14814
26390
12758
11277
30967
16062
2631
10687
31498
5701
31923
12472
28587
12029
5364
28150
7725
2049
5772
5252
13507
198
25833
13480
4837
2547
16616
4957
4853
22643
32663
5635
5923
20168
7743
5718
23950
4258
22434
12957
24491
29872
7809
28195
16619
18614
8545
13803
4248
7136
15247
7584
25344
854
30562
26827
1494
3344
1472
13385
21461
21740
20195
21499
27558
28669
93
14527
19972
8742
15450
29343
10014
4584
20006
9033
18237
28281
2031
29887
3750
15382
11723
26704
20674
15001
4605
4551
29308
6734
18036
4834
18411
29443
1940
27398
30001
12638
17465
28464
22179
28276
26361
32303
13354
26006
17578
17681
17384
31854
21540
10203
16415
4428
4936
8829
5199
954
15682
13828
26015
11094
13834
13842
31358
12513
20273
2699
17802
32147
18906
14738
6065
13489
14855
19892
15766
27490
12054
27746
3126
4799
17803
12453
8395
18473
1551
7693
22513
32735
13753
16363
16391
15823
31629
18623
2776
20653
32578
17908
17018
17219
25929
15307
17783
30728
19466
15766
20011
8947
11889
22054
2413
5521
20393
21638
114
4438
5159
20714
23021
5169
27627
32226
13947
21346
12802
6611
11327
22672
9552
5288
9673
29974
24204
15813
10301
32671
26508
3644
17585
4082
22467
25412
14550
11535
6664
15591
731
8570
16280
21754
27790
27095
1119
8786
20933
29111
26739
7221
9724
4786
738
21007
32063
2486
29101
11110
7243
22174
2836
25616
21488
14854
13332
6308
11193
17758
47
30510
8143
12606
32363
26663
30235
28153
22429
17316
28331
8821
8679
26317
21335
3386
3456
15761
10916
31688
20147
5272
4584
19502
26923
18297
687
11480
16493
7982
1886
3753
4518
29893
8982
32074
15015
27735
28891
20929
29230
23614
15862
29509
21863
13443
9111
6736
28338
31382
25535
18935
6567
11586
3421
29559
26711
9439
11192
30736
28117
17354
1292
32022
4598
2834
11384
17989
21076
26484
27415
2645
5273
19082
17518
30158
28154
25663
6662
20510
1025
4230
12889
30440
27280
19788
9971
9120
8995
19626
32209
12117
8533
30560
29197
18637
30886
29567
12221
20695
6011
869
1816
20701
13158
20718
23258
16313
19112
30953
19946
2249
24308
27337
29754
2374
19830
28829
2799
30673
26644
29507
31683
27215
13300
20184
12199
28151
28990
19314
29868
26025
20515
3602
31523
8834
30494
5588
11779
27309
15993
6505
27276
25212
17684
22727
23338
2999
16994
14111
31132
20276
14772
12560
31829
17575
29370
794
13091
11452
23366
5205
5902
20835
13908
31075
4483
16491
15432
9123
16050
5203
4214
4263
12084
16221
12263
3561
27889
3299
15706
25785
18241
19694
20106
634
10833
24069
7855
28942
1481
2371
19015
13199
1707
25773
30742
23360
10366
12226
4972
26819
25005
24147
31654
19852
28458
17812
19703
8597
854
8052
9833
24915
23589
22570
4382
18410
1149
23056
27868
6557
17632
19381
1481
29320
1867
29741
14194
28049
12894
14764
16658
14236
16316
28244
12050
25342
4533
24394
32204
3892
19491
23055
22932
14550
13457
7182
8185
17862
23971
24689
1608
8621
8626
57
2386
32424
12470
22670
2671
3646
13673
27475
15811
18070
21929
28158
19904
2022
4638
15015
22508
13871
18718
22366
9957
6952
24781
1986
19874
9335
23689
7376
2043
21031
24965
30456
1132
26967
28339
28278
31510
16175
19432
5599
13830
12313
29755
2810
28346
5933
32686
18898
9441
23020
20496
13833
21091
23602
1313
20079
8353
28774
31736
16083
766
6132
23970
17434
23198
10237
268
5774
1902
9805
9250
20088
2660
29325
16441
30448
7432
4025
32170
17140
25139
8661
2752
6328
5142
29660
22997
26429
21375
6650
2743
31269
31832
1018
849
16326
9072
5122
31623
13693
8575
3454
97
28228
20324
28762
12908
26503
22448
5236
17245
8244
16744
6481
30456
9746
6151
32271
11056
3411
21699
30106
11152
1644
27921
19235
21465
1572
10859
27342
17901
13291
12113
25259
14059
4718
19854
28648
6044
5736
4540
27717
7182
8123
10250
12231
26238
2239
32317
15025
22907
16346
18165
15280
21833
8017
16946
18006
25732
30557
28438
19913
7173
32386
2797
14269
12810
7196
362
7071
4240
16699
12851
531
26372
17328
12193
14497
32539
28520
23232
3499
22783
16889
158
2211
21163
1147
23746
29307
24216
14233
9466
16988
3481
1511
602
17050
28675
12407
7041
488
4626
10663
5150
25800
6024
21052
9651
27462
14999
3253
13721
32486
12801
6873
3141
23771
17022
31123
4553
28793
32606
12031
13213
12781
32367
16069
22432
23852
801
14502
90
5417
25832
5460
1668
18251
13538
21895
3018
25374
26298
5965
2767
14921
204
5537
10354
7360
6026
17984
10832
1338
6174
2488
13961
27110
9809
8642
16584
1369
4523
25041
18557
11211
9691
19947
19565
132
23130
7096
5997
8081
9548
18905
19050
4027
30119
16762
18349
4282
6294
13867
25437
6565
3616
14315
32070
7085
4357
11142
26584
23819
21992
7458
16499
55
17843
8468
7394
2907
14136
14072
12837
1031
27668
25344
22643
29478
21721
29068
4223
25905
24684
6395
28155
15010
23211
28097
2906
23724
7763
23738
27355
10793
7713
8127
26819
12500
2360
24694
8937
1720
3779
32110
31096
22504
1243
9579
3313
31857
30379
15614
23919
10893
24018
16985
28463
6425
2824
9058
6223
9801
517
14854
23510
22171
19615
25296
30197
16393
2354
25018
32141
13699
14404
2371
16112
18076
3433
22465
13292
26500
18277
32505
15622
21814
21393
2541
3
2546
16512
5365
4013
21998
17377
19473
16595
28745
22439
9086
20626
5184
12904
32391
16339
32420
7939
14494
2069
24459
30598
17579
3437
5191
18255
22180
29130
15764
22641
19294
11646
1557
12377
17059
4346
11522
16305
8068
5081
10523
18820
25328
5409
30688
17827
5254
28869
27907
16968
11688
3694
5662
2298
15057
19834
1698
2736
10024
29253
8207
22329
26197
30888
10859
9179
28819
28608
20717
9531
17670
17137
22265
16508
26192
5162
6481
22443
1375
2922
12169
13659
20104
16259
16827
23436
3290
7198
26237
14802
6060
26879
7440
3763
15993
22154
14298
30800
9966
13190
19222
30792
20800
12322
29643
28377
14019
21045
2810
20808
14009
32458
6428
8067
17767
15580
7628
23814
4463
5470
32704
4347
4953
13439
14589
4517
15219
12331
4939
7934
12763
6101
2279
4255
23770
12660
7545
6881
8563
1995
17221
28482
4668
11758
8357
15370
109
23554
18871
20270
9015
18756
16979
24692
18775
26445
23616
18136
18666
25236
17831
7470
8579
3124
23495
6666
1147
4335
5611
7901
14216
8563
7321
16992
1425
28637
24845
23094
12737
9852
18662
18381
8411
15319
16926
3205
11469
18417
21311
26900
22151
16075
31700
3113
18957
13355
31006
5199
26827
3228
17161
26900
20010
16310
21854
12139
608
3999
6458
23888
20364
22994
703
12458
27906
25887
14089
3445
29923
20723
20068
1824
22514
2522
1724
6452
17314
26434
31317
21303
11892
22146
11964
31696
32383
14107
4093
28460
32336
19517
11286
15519
5109
26509
17068
18319
28245
12581
31997
28558
7363
12508
25110
966
17618
31944
23365
1434
27242
12546
23762
32394
32283
5289
1770
27991
9650
4138
21212
3688
29450
22718
8328
877
32037
30004
14355
7746
3963
32752
5088
21270
25490
18996
1724
5580
6351
17566
4697
9889
24204
20722
510
4624
1131
24858
7548
26611
25833
1899
2148
28138
24118
23594
8567
20736
19780
23631
30302
6796
16157
9608
8092
27734
19579
13185
6336
18427
21394
611
26847
26003
1073
15003
12097
23952
29193
18908
26715
10729
8524
3431
32509
17017
16763
29066
32205
22690
2681
10854
29940
30261
28643
27126
26647
918
7844
14157
22665
31003
30915
19231
16319
16310
896
5507
3588
1236
31648
20727
365
1412
1029
18085
26896
5340
8833
10213
10353
24984
32492
8450
3901
16133
6260
2369
22843
29982
25909
21535
27263
23540
4106
10203
7137
18003
18594
15668
11181
32674
22998
27764
9884
24843
31289
2989
23811
16860
2801
579
14411
18221
14534
13738
1185
22212
13177
13169
750
12597
28503
15488
22282
30541
9485
5534
9773
7857
958
16694
31142
6595
18771
1626
14799
14021
13587
26888
21824
31297
2163
30636
26691
30888
2607
4583
30856
29497
16281
3215
6426
15396
20529
22263
2706
9712
18295
1392
11147
538
10493
25871
19797
29439
2752
31921
16622
5371
10680
7997
12333
17107
11438
29481
5953
31056
2382
4928
29274
7725
16253
11426
29606
11828
24301
15884
21887
5795
2798
23641
7395
15828
28807
8265
24612
32541
25285
8578
26080
7670
4435
8916
12340
29785
3403
21441
18477
24687
4172
19261
23935
13672
14797
8114
3706
13226
14000
16455
27705
19503
1818
29538
3869
13096
22147
7787
20346
1511
6665
15060
30351
2043
26890
7254
31676
15261
17393
27773
8687
22859
15696
32614
2400
27314
14640
26056
2430
3281
13989
24625
26408
7516
22437
6034
15137
22366
6937
16126
7358
8995
32053
687
25826
7509
29189
26698
7468
6501
28233
1123
28527
9004
29315
10564
10595
17363
19534
29418
10394
3568
497
21585
17077
13553
7220
2546
32215
13246
17011
5513
11610
18074
23792
10011
18113
15434
12653
5944
750
25210
11771
22142
8086
4444
22029
30302
21745
6802
1488
12067
21430
8014
32703
1839
24390
4536
30834
32648
22567
26000
5302
27028
19125
13332
3555
18977
22036
22308
28778
28072
32617
16292
10414
4563
17738
2850
21013
18492
1907
7352
31838
30328
5818
15668
23349
5972
325
1655
5124
8542
28410
7707
7693
13992
8759
857
26806
456
28867
29737
15395
25635
18693
11690
2058
22892
6004
3013
5315
13415
8271
19469
19103
6387
8590
30698
891
22343
20760
14839
6805
3196
2870
8872
11934
11340
17736
8240
18960
22553
6327
11682
26049
10032
31274
32086
31161
17488
28925
8846
4160
1126
25327
32345
3900
23195
18458
29624
11194
19856
23337
9984
15307
20968
6597
19583
23185
11784
10576
19042
4761
19226
29654
12758
619
5976
4416
21358
12128
23943
20683
29381
31412
13761
30393
23908
27868
29560
583
26854
19226
13496
4062
7258
11086
30380
11149
2280
31247
21348
10167
5560
9978
19669
19465
17167
27466
18722
28847
10427
24234
9242
22984
13234
20039
31233
26391
26358
2600
3987
27643
9147
7362
31558
17313
15564
8391
29648
30072
22827
10560
26601
32229
27127
28635
17234
3897
14227
15750
1302
24288
18949
16700
2832
21210
12444
18719
13997
9072
27862
4552
20211
17695
1152
8155
17346
11993
32543
22494
13914
20589
21135
18507
27422
19779
746
23011
2200
20300
31148
23110
18364
1593
22548
5313
31089
9963
18637
28007
1357
32555
5325
12899
17824
29084
32638
6028
25781
28141
11803
4154
8020
14675
7773
31576
4235
6967
28760
21947
27311
16940
1951
26290
16797
29987
18351
6879
19013
25826
28555
325
13162
12722
22691
7841
31651
31064
7418
2814
26790
327
26760
3460
965
20756
31198
10897
16313
20778
5640
22539
11167
16831
29623
19444
22336
7687
24992
6462
19605
16295
11295
3809
17035
22124
1568
3372
27907
2109
31039
17752
3613
19790
8494
5987
11446
23703
13911
540
5167
15493
11203
22906
368
19439
25659
14129
8493
22347
17069
22919
17256
3618
6609
25700
26680
27841
16139
14505
2504
28210
17556
21955
18338
6762
7893
31104
22318
17604
14611
29217
23925
3758
15697
22192
5675
674
4978
6548
27629
23385
23455
10594
26055
19259
26600
5110
3577
22553
31022
24515
13819
7966
17216
3943
15294
5379
31812
898
13365
5763
31577
11977
7956
23823
10874
20566
2008
11202
20389
10306
14343
18583
28989
23158
24249
5594
22958
29630
20823
24540
32335
17696
18851
13035
19852
2411
17656
19841
10308
2322
26835
700
2672
12347
4243
8462
9990
19220
26749
12598
31517
23654
14851
8559
7249
17004
19782
12519
18025
7653
985
12146
27703
12136
4296
25984
20416
7928
29145
14413
26013
25048
3601
24151
1953
12960
7546
14357
15036
20369
15908
8422
3103
29478
23146
19528
18849
15083
17526
842
6498
28818
11016
22084
13486
26948
19314
5829
18980
28469
1256
11725
19223
27003
12534
8764
10292
13856
25938
25483
16741
27254
724
11450
3318
28074
13763
5001
14839
8604
19282
6123
20961
3566
106
18360
7548
16732
11690
19106
20735
23883
29869
27242
17273
32676
21131
27476
13681
32482
15266
18648
27337
11370
9366
10906
7145
4379
7318
9628
537
22567
23777
7602
813
23585
29065
23351
16488
2647
24439
10495
3227
4193
27568
3724
3469
2042
26583
31365
3231
5391
10226
29027
15024
10774
1393
5230
27455
26273
4972
5352
2767
17459
26668
26504
21648
1362
8173
19498
2875
6877
31970
32196
14654
29600
18554
7836
15385
27174
23010
13496
7944
17614
26059
19094
2274
31777
31597
2078
16705
15203
21195
22485
4323
20328
20537
27731
336
30634
24860
14839
16317
19864
5618
14553
10033
13872
7570
768
13798
4559
1460
8918
29170
7752
25779
9688
294
16180
20626
18322
30775
8330
18238
18635
9499
26480
27666
18173
22710
25936
16032
10248
29622
301
11951
28198
15036
19256
12672
2082
13756
28318
15446
29125
7846
30117
18484
14482
9030
5111
17129
14515
32361
27453
4426
9778
11329
32240
1727
13932
15882
17516
30209
32195
4334
6215
16161
21908
27686
27104
32461
24169
19043
29755
17103
29295
21100
25356
26582
7210
17160
7953
1145
25959
22046
13477
1401
4722
24347
2195
24390
7562
10388
20264
30917
1682
21805
31116
13137
19209
18361
3410
13312
6716
22178
6733
21031
6586
20107
17061
20256
19977
2101
2347
15178
31639
5535
23018
11346
5107
19058
254
10417
829
9115
938
27766
29148
21050
4004
27462
20078
28091
29875
13217
13317
4418
23676
5990
144
26701
13465
15770
12183
28309
32492
357
19756
26421
31795
16989
5406
20237
25820
2568
4719
20073
9242
10907
21256
28126
18744
15112
940
4725
9006
5176
2091
1292
14962
13205
25560
2296
7440
9932
1596
17903
12541
25809
20492
2342
168
14371
25689
8630
13779
7761
6663
23620
13985
16573
8576
25057
6384
27296
12969
32303
24552
8270
22294
4293
14292
15292
9338
11733
9265
12863
31585
12812
21509
26518
7713
19898
4211
12843
13325
19251
31115
29846
3309
5237
1383
28771
14507
15371
30067
13845
18255
3377
13836
22122
17709
26424
23629
14561
18269
26668
13861
15226
7276
10933
8365
32701
30033
6971
6329
2301
6819
10317
14766
4062
521
21060
7827
12053
22513
24099
22890
19823
20869
12226
29888
26901
23258
3884
13187
10254
30059
23877
788
20997
23239
31664
21405
5965
14214
27631
19109
18722
4737
27084
993
26418
13379
1272
21581
9820
8890
32243
17276
21687
1330
27179
12076
16086
1157
25448
19742
31306
31627
18023
32549
14697
3032
17605
11644
3150
27303
20000
7004
13089
31249
5240
27086
26009
643
12251
15551
13246
8302
9537
13906
25588
14912
21685
15482
29237
4756
4789
15559
5278
19109
28892
25216
26925
26889
31166
29427
12489
14492
25620
17417
15234
5050
281
285
27163
28593
27187
12814
26821
15477
12758
14483
1838
27798
7077
14287
20922
14704
8155
6694
20496
30626
15850
10574
3289
4033
25186
27817
19140
28493
25619
16850
2766
1507
23670
25462
18368
8885
24393
21093
2809
17976
21882
21736
15981
15388
32582
86
24558
4481
24994
226
31147
15208
8922
5047
1014
359
6776
26439
5194
162
6247
21983
32140
23286
10072
11903
17809
26231
20069
32746
5089
28957
5620
6649
32186
27834
21471
14644
21336
5935
722
4259
21108
29408
10484
9698
25099
9061
4553
13172
15200
643
24407
1369
9284
346
13959
995
7829
10719
2767
24773
12549
21645
19726
6765
11548
26200
439
18836
5761
10979
562
27923
3957
7922
28031
10232
28320
16162
3101
9689
25104
11992
11050
6504
17279
19319
13003
2376
468
32726
31694
24351
17389
27633
10382
27885
10396
13534
1303
23708
18415
4355
12939
15832
22965
25735
8645
9760
9533
518
8507
5917
7777
25481
553
7987
21443
28597
6380
26711
4695
8002
7339
10528
25122
5807
10813
11296
16449
2100
28231
24948
14892
29177
15013
11930
20028
3205
2828
28803
13675
32121
15597
25577
31324
8830
32412
26595
411
2172
14769
20151
26405
25357
31919
12527
21803
6193
10211
30383
14355
13379
24975
2885
29632
23083
5448
28418
32275
982
669
6984
689
9955
7929
27877
29703
4511
20171
2207
11660
5172
14819
28176
2886
18973
16159
11445
6800
6109
19272
28481
18458
12529
5943
20791
12081
14851
4412
12983
28225
23392
30144
32408
9368
22444
23336
5816
32108
31445
13565
23184
27680
30021
4682
31756
32195
30556
6982
5785
25562
8477
4659
15487
7263
6695
23430
28273
23305
26087
20808
12642
6094
18445
26044
13979
26279
19772
22850
18955
31891
19462
1915
31454
1502
29207
4014
12881
12707
12720
23659
11460
5776
9048
20078
2320
21737
12238
3781
25116
6607
5697
19510
9899
26563
8899
26587
9080
18534
10492
21775
29573
19330
5915
12430
19120
30542
13586
21207
20103
3566
25603
25045
29021
19514
29173
9663
926
1472
21964
9533
28511
16908
26488
19660
21049
16167
26732
9571
26968
32093
28754
24151
975
14403
4605
11900
28462
28921
19615
20621
4695
28077
7484
7885
10893
21088
17502
4591
24270
14061
5131
10035
7523
24135
23028
29139
30645
29442
14831
23453
28770
27925
3239
22753
28560
1246
5778
5005
20866
22374
11044
20887
17257
8167
4163
6811
25212
10891
13818
24774
20810
25719
5745
12530
14159
11528
21021
11794
24262
19548
23604
23505
25791
13077
19300
31862
12145
26457
8900
1547
7889
17181
9995
29374
11108
26532
5120
28807
26449
2626
17969
13323
5562
32358
11496
29377
19532
8408
6235
18515
21269
2110
14371
2887
13974
7909
24047
21726
16410
2494
22650
16444
18502
167
31418
9418
6128
31724
9051
20441
19253
23310
22635
392
27333
26819
19287
12519
12162
24637
22806
23388
9290
22447
23204
25414
6672
13326
22962
16865
8754
2581
32156
4202
774
4235
17563
11395
23222
1992
23868
31704
25679
14966
13328
4867
4884
31637
2469
17325
30744
17857
9398
22006
9740
24504
29855
28951
1877
10775
14355
30534
23138
31332
31761
22747
18492
10065
1812
8880
18782
10815
1163
19405
19656
31234
1160
1605
21839
740
9148
5979
311
24556
28579
31465
12291
14688
23292
22019
14988
27784
22140
31959
29009
24757
25027
4055
21774
11650
10383
29723
15760
30298
48
11008
25287
7994
22844
19734
31773
16056
31107
11321
27142
28997
4677
24829
7640
29103
1699
18256
13278
6890
30292
11866
29607
14095
24729
16296
10916
16293
29555
24970
5363
29472
23315
6329
18549
25511
9618
11581
22054
25370
3810
5774
5550
28756
18693
29434
20275
2477
5244
3654
14194
2243
15619
15256
29198
27515
20091
1685
3623
11842
5672
32710
12591
7065
17436
10304
25593
13520
16627
16516
13843
6161
3009
32420
11094
1953
13385
28583
10171
30307
17776
2095
19825
15774
13297
10329
300
24575
9553
5861
2239
32226
8982
14231
30701
24269
3636
220
24444
13373
26312
29873
29324
31142
15368
8385
5671
5557
22650
27085
3865
8408
32357
9809
16898
29952
18566
19557
14761
27302
771
14049
26515
26380
4261
17860
21205
8133
12353
24023
10534
14199
13943
2957
26168
6112
3999
19758
1353
11543
7681
18484
28917
26132
18500
28150
9550
7795
19498
21379
14382
21877
10618
16593
15308
22088
14653
15127
12174
13704
17708
3703
29470
18437
13162
6880
28608
30407
6767
26675
27619
5199
20804
17828
15605
5920
20470
30820
19324
23934
29765
15741
7523
24182
32412
8957
23185
27678
23366
31830
32705
27422
3038
30213
13197
9071
17671
3186
29131
3683
5214
27159
285
17894
8877
28901
26308
30979
26210
29411
19637
2474
23103
24089
3567
14256
3154
24492
23819
32023
6440
16970
14613
32656
26430
3016
9370
15166
14008
7690
21250
19133
22869
24356
16416
28771
9891
11454
26120
17605
111
7869
1313
11901
31616
23840
12923
1835
133
3367
8290
4538
31051
6587
21811
9701
24115
23306
17518
13561
14308
24946
32269
3036
26941
26528
26644
30286
21901
12281
13930
10095
14087
20792
5351
2945
14704
13913
14254
26352
11547
21943
17853
26255
26135
25457
20930
1317
7079
785
21808
27176
23538
15472
24979
9672
26620
14292
31777
28208
3029
1372
22417
16904
18193
29598
24624
5182
22903
14734
20017
25862
2046
30626
12868
27679
11765
21555
12395
14424
28289
14119
23817
26708
6732
26829
28732
24714
7548
6152
17261
8847
2530
2992
19750
10648
4468
821
3875
28731
1278
2693
10923
885
11028
17712
3873
18161
843
29898
30422
20103
18857
16018
9761
28932
20057
29776
8370
30761
30115
25732
18723
4598
29724
30140
7888
26408
6938
4422
3561
31488
18795
8455
1477
14406
21575
9387
18809
20366
31874
8703
11946
19130
17414
29850
16031
31168
14209
16579
28058
7341
91
3471
23657
28394
21227
19018
22584
30654
3306
17176
3241
17429
6184
18652
7207
28032
25981
4185
4727
4732
5123
3224
25999
9207
6274
18569
30892
11280
31020
1004
21919
29215
29067
6002
4199
8181
4791
25632
2309
19557
13260
20981
32652
3843
18075
8652
11896
299
25760
5764
24384
20549
10293
14685
11567
17736
9732
15781
27247
25981
6850
18325
23399
4230
8475
6774
15431
16286
1000
29191
17632
18978
168
2851
7866
21329
3630
8095
352
17744
31639
22898
26879
32112
31615
280
6959
3508
28533
27448
28177
14222
1963
27012
1434
1002
2802
17120
31534
7277
23270
30407
9073
18943
2150
20459
26202
15495
3144
2588
23945
32757
30794
3947
11482
17030
13387
4239
18746
20547
7099
31880
8633
26572
3920
7042
24289
19539
20218
20731
11334
14571
12314
18728
16479
6403
1007
5525
5780
10797
16976
32013
3992
27429
19617
697
27641
31758
23808
26763
21750
21502
30143
12510
26512
28605
25879
25430
30180
24010
12570
6414
29367
19359
32746
5106
15187
30774
20521
25961
13202
12236
5552
26680
26680
13541
3716
4515
11141
14992
25605
24020
24587
21484
27753
23425
26046
31979
8297
6858
23882
8278
6458
864
13737
16146
10943
21996
14324
7329
28157
23727
1401
5355
20431
3941
15375
32575
30683
11888
13478
17045
7108
6450
4130
32534
4770
25531
1642
28894
15535
28580
11195
28672
4930
3130
8259
12746
29954
25056
24043
12107
595
11438
6260
21779
7701
2654
25541
24634
26254
24425
5251
3236
15012
5997
3811
30850
8016
17618
30652
24860
6479
25517
31713
7375
20251
17380
8621
30289
1817
24212
22751
19773
22036
6831
15528
8139
4586
17642
15363
25054
23685
16086
7237
17733
23309
10572
2549
22330
27996
3599
11229
5935
31155
19629
27745
27339
8363
20134
27920
4911
28014
18128
22649
1917
22054
32762
1600
22683
8374
32464
9585
564
32681
31487
24851
19712
31591
29593
13057
9798
31663
25274
22773
4255
1345
21612
8166
4604
32731
25800
31124
17130
6247
26974
4193
25365
4979
18903
19810
5899
9185
19417
1206
13123
6624
22059
15382
14430
32283
28442
16302
25772
27952
31259
31019
32498
18275
30897
15638
15979
2196
21137
608
29708
23662
26885
14398
22796
17122
31118
11831
9892
22739
5069
17018
23316
6419
9891
19062
20454
10639
26776
27045
1398
2246
8057
19112
18354
12160
2885
28313
4127
31420
30795
1693
18717
29162
15500
3000
22123
15706
9318
2278
1773
24821
4724
19303
21421
3883
22192
27994
4129
10284
218
28301
28588
14683
12830
20372
1126
4351
12785
25368
6944
14908
19004
18802
6307
30019
11964
19064
15417
32709
29608
407
27503
16813
22421
4131
27416
12814
25752
18922
10645
2138
11434
4111
32340
3542
9552
19990
663
9034
26235
19771
26487
20221
20652
21000
27944
26336
24157
14374
24446
11018
9373
116
15280
25700
18170
1366
25437
23462
25251
18768
204
15490
13518
5075
120
14622
88
20566
17356
456
30379
25513
28971
25830
10213
27526
1331
11051
15927
7274
2371
1041
2186
12706
4922
5763
6249
9129
29314
2521
30491
6321
11854
6922
13839
17280
14623
4637
24190
9341
32141
11233
1099
24843
10308
19422
46
9493
21325
2699
5393
17130
30351
29634
1210
1356
16789
2416
22443
26563
17041
24209
23622
10552
32417
24156
8501
27838
24402
5050
28425
23731
6499
1277
1313
1032
28875
30671
7630
20957
32252
12648
32180
31569
22634
1797
4724
12184
19015
21141
25736
21070
29073
8117
24686
12298
29263
9438
15112
24887
7704
23773
30019
20255
13524
21636
17143
3913
8903
160
22798
2309
24523
12331
26345
6469
21468
28354
16127
10414
25818
27481
29383
26607
4491
14125
26073
9810
15840
28922
7248
30352
5241
12398
18546
5610
8554
17886
23443
18805
2624
8761
7734
9654
1855
31546
4982
29806
494
32737
11172
11447
31958
12579
2610
12624
10374
13025
25295
18742
18906
10519
12756
1652
21885
30038
21471
3899
25773
26740
16573
32053
26430
15490
28046
18199
14050
27390
6691
26742
28583
13130
3499
15323
12737
25949
1679
15129
12426
17593
24986
6622
12999
6044
15453
28297
26669
13947
5842
23867
14372
12204
14399
31025
28106
21347
23389
20561
25915
15327
26042
21762
7696
9701
11868
6721
22309
11630
6055
5618
6048
17053
129
23923
18734
27379
20659
4215
18320
8902
9362
26130
2391
29423
23520
4112
17899
3780
4077
26763
15570
3654
13569
7613
559
6299
27390
20498
29833
4798
16706
22145
16334
9845
29131
7453
4504
13699
22430
20967
25262
3359
9321
21479
31182
28070
6503
6267
2986
14989
18308
31470
7216
26265
6850
10828
1294
28754
13531
10613
17782
693
23336
5489
32542
3625
31681
9731
17548
28084
3558
7297
7312
27759
20893
5346
24338
16183
12957
27929
20237
18086
21099
13986
5596
11585
32195
26202
949
13811
4409
13971
14707
20155
4384
28520
8088
15265
30891
2382
20114
28142
1106
24044
19517
23452
31607
23341
17066
27404
15690
27795
5151
18167
5354
3790
28766
11943
6349
16781
20266
5735
6497
19348
29704
11320
25331
1294
24387
5317
22225
7205
20530
29849
8107
2001
15549
6544
1343
7405
25118
22667
9014
31120
21221
29544
1864
15002
9791
6962
31399
12173
11383
25236
31387
159
19645
13460
9321
31501
28711
9086
6266
30641
7669
9245
6329
4055
11545
2353
26173
5197
12023
21278
8744
31417
30569
10210
13775
13615
26118
1865
1563
10243
21668
3940
30255
12764
20251
25911
32074
31242
30796
5554
21487
31002
16482
739
31812
28583
20568
12649
10681
16243
20156
2604
19433
23222
25010
25675
16581
15797
4667
27478
29167
9879
29879
13758
24932
32628
15017
8073
26974
11952
4539
15690
13177
16775
29698
31569
11028
9448
19842
15647
28410
24711
6901
4381
1602
2094
26056
19597
23667
22355
16743
9152
18668
10992
11706
4745
9603
19855
751
10483
14445
18852
19067
4143
30046
13856
10587
23504
23024
12611
16288
31547
26953
32178
8490
24408
2808
30153
19380
10382
20769
18738
15889
28911
27098
14519
5300
1711
16340
17492
20342
10971
3646
32657
9364
10311
27622
15
1271
22217
4514
6752
13753
24228
24558
24859
8932
20551
26582
6704
20349
25656
31511
7802
1729
30539
1921
22419
12974
5911
16799
20460
31685
12970
25242
2333
5647
17276
32091
3193
24414
674
12016
27110
13013
32324
11825
6380
5546
9041
32419
28683
8491
3953
19100
9810
19967
16188
10408
4909
1199
27817
20524
8319
5989
12745
329
8944
2291
17333
9219
3209
17686
22981
25251
11646
11772
5378
17241
30538
8965
31710
1318
30209
25799
24099
17401
29666
31316
13610
10265
31532
31679
21581
9410
10804
26076
32158
2579
3507
23368
11994
28200
30052
30377
15000
12675
30415
4663
454
8880
4703
10364
24918
1320
11963
12887
10293
32631
24147
9799
10621
13466
9017
31974
16107
3243
9523
24244
20371
28864
3598
24342
11986
32272
53
26783
26501
29783
23426
16013
18296
25468
17491
14231
16162
23665
8417
5606
27023
10588
205
8289
20637
20724
8956
24877
16747
26925
3493
11636
17679
32023
27816
23142
4487
2563
10786
17278
1778
22505
30014
1543
3329
12550
11086
5598
25768
15561
22298
3961
16921
496
14967
27432
17138
21487
5660
30107
5301
12177
9138
12709
24442
19169
30250
1855
18656
23627
13395
25552
9033
23807
25004
12204
7495
19094
10615
15578
1361
11256
24590
4890
30139
23933
11898
15654
31973
26706
7234
31545
5554
26911
27521
32462
1083
18918
31547
5034
27333
21295
9201
23068
10993
22626
17011
30340
26419
884
25846
23058
14469
965
20070
2256
27741
9289
17406
227
24284
3303
22805
9998
17736
13086
11579
23671
31932
15854
20612
8622
12574
24822
16932
27371
28754
29402
15676
2455
32173
17127
18420
20238
31149
29178
14538
19620
12775
21149
9770
21734
11584
5236
29758
8738
18528
16088
29959
17961
30308
16065
20141
18259
31187
3049
7187
3780
10708
10542
31663
3054
6046
1080
153
12631
10287
30813
14817
11932
30273
30913
17446
2999
4218
9666
6500
2429
26595
20883
4878
27498
667
14374
21085
3745
18125
28240
743
29231
29151
19496
11123
5264
4076
22192
268
19060
1909
27831
28756
29379
3411
15101
20763
11230
5360
15257
30768
28200
4279
17560
7031
12229
5833
27111
15420
30113
15858
13939
3015
30132
18139
142
32305
11909
25985
23957
32630
6125
16101
30927
32458
20766
28422
20889
17457
28643
11020
9408
17482
21802
21446
1327
26219
10943
3158
26570
28915
28250
10539
9881
4060
11740
2864
16169
10640
22742
15171
20527
30206
19275
23017
6767
3052
30135
14144
2268
22671
17999
10037
1025
13657
14219
26102
5279
4114
10210
8363
6552
22826
24276
30305
5387
11342
25390
1350
21697
26425
1674
22556
31176
8909
18965
18408
9053
16994
149
9706
16656
3422
20906
16850
20514
1797
595
8241
2098
30867
9909
29998
15128
24968
8472
14202
27666
16964
4659
24454
25118
29907
7849
9971
14758
2058
11731
23626
14690
20691
1472
7917
28283
9669
26746
5965
21484
30968
5771
32606
2350
17431
23232
3912
23572
31414
813
8800
10740
30438
27505
10326
23559
5127
31804
13999
786
27614
17422
20086
22086
27112
3393
10799
6501
10477
5449
10253
11815
20183
18747
9317
21724
23237
11148
22625
24658
6492
18203
4345
24825
13149
21362
21023
2885
2685
28233
14906
23892
22641
3660
14806
18385
17480
4895
29594
24088
25085
5790
22650
20891
20557
25449
21550
15492
26822
13472
7650
32668
13857
8939
303
14187
9425
25278
13130
3233
8668
14299
2171
25524
7146
16920
7633
12235
6811
1890
19221
27867
24606
24322
28924
1295
18688
8735
30624
9582
24129
17796
4401
17848
19885
16548
5352
26512
15465
26075
1597
20704
10189
4087
7258
17786
18545
18679
24015
1019
11147
19987
9351
2549
30328
5372
7675
25421
2200
13924
7077
2273
28511
25025
18360
4718
24745
15950
4622
16306
12110
23891
26978
7373
28151
8615
5311
17901
13360
16499
16696
3626
14782
16184
6106
3503
15410
4884
28639
23323
25278
17729
28964
29735
5192
16606
15070
6536
29629
11762
25224
8727
30376
32174
24352
2351
18947
3058
13458
15446
31052
31251
29557
27680
3036
9948
24821
25681
3189
26578
23312
12098
12058
26556
19718
2182
2339
20067
18442
25292
3984
5527
5182
1287
20382
12146
19934
717
5528
25057
25275
5117
30192
31583
1004
4005
27790
17668
24512
3619
1640
21951
14327
30346
18771
10976
10289
31559
19992
10713
12454
18948
16587
28485
22808
29388
15192
3881
6
19056
11871
10874
10787
19498
19522
32224
26118
16001
10876
19898
6179
8044
3380
21346
17146
7098
4369
4018
8078
5553
10065
9927
6681
32502
6165
10500
1790
2477
32511
27994
9215
29920
30207
24775
14768
30757
25194
28445
28971
4731
6221
26885
12806
16502
18432
2883
7298
23964
27134
2876
29701
13582
7411
19637
3531
1387
10775
9437
6104
31729
9147
20110
19505
27365
21025
29648
25675
16181
25233
28831
24772
31069
3241
13038
31057
11655
8693
23531
18680
20214
15296
1669
2687
19108
31529
22315
31012
13610
3961
14551
10638
4065
30387
27468
28420
26951
11373
18076
8413
23716
15071
22508
21559
13549
25146
15227
24044
14056
19003
22497
12482
22161
29183
24213
27618
23485
21017
13746
11660
14845
25826
12027
32264
8133
2320
12316
26336
205
29322
12339
2636
8120
7547
11918
20206
23284
30629
1718
29631
16609
13305
17837
8266
12085
31844
25717
17688
415
30187
3025
24683
5034
19194
17744
31535
6629
12281
15750
29229
5697
5665
31645
24450
27578
142
12813
14415
21817
12181
3239
29363
17337
5719
8152
18422
26537
20118
23852
26375
27026
32456
12561
11049
5626
26218
11742
10985
136
1175
26643
13139
25193
3289
26594
869
14321
7743
21487
23492
24966
28848
14677
13998
19386
27774
5353
15408
25271
24638
450
18073
21728
18648
12537
2862
26805
24538
3757
15135
27127
25618
14410
12474
29197
20571
10251
31967
4007
29879
14782
26804
4513
9630
27848
16281
31018
30102
1896
30047
22309
11524
32576
31924
6351
29762
19217
25058
1955
25585
454
32186
123
28561
27316
21706
9719
24143
25376
30423
4642
17949
15617
29319
19283
15624
31496
12637
82
13510
3550
20458
20412
13455
30381
17986
7849
25903
29409
29870
17035
9048
5424
26784
602
3132
28631
28140
13038
14427
13351
16436
29356
6298
27457
28836
18532
10646
11294
21472
10618
28983
29394
3131
11076
31368
32017
1066
25524
17350
20466
27896
15671
21175
19187
5563
16860
25404
27709
11910
8633
25642
10794
19424
30859
13910
1541
15989
5788
25071
15377
4876
20714
13841
13516
20153
7301
1686
7028
15188
31033
31792
15819
22569
28525
10933
6424
17137
9547
25017
14446
11522
20257
27490
18480
12482
32519
11640
725
7009
6083
24764
23273
32456
26345
21115
1620
8140
10823
25698
20191
5288
1151
16020
19444
10154
9462
26618
27045
21036
9965
14554
24817
25542
27630
23468
1346
10690
30058
20521
2873
10960
416
9380
11438
19195
28608
22941
19955
27612
12113
9108
2137
23822
16080
32539
15862
12514
32154
19247
6821
18771
21772
24008
9805
12604
31976
18095
19559
5576
24314
13456
31930
29738
24060
12368
18793
20367
952
8864
9776
849
23148
22483
11499
1390
30066
30188
2904
11576
27936
6396
32285
21070
20974
2475
32013
22474
23254
16916
31911
30652
21249
13526
26847
25304
2719
2663
15650
2155
20247
18604
23956
6804
11872
6343
5532
8880
2478
7985
24482
14870
15186
6664
23063
15109
21467
14762
3510
32218
12930
26498
26890
30342
31941
28450
5425
17984
14673
15762
2015
5495
4645
10984
30374
18955
501
537
3956
28092
28876
15119
6749
22755
1014
6908
26778
30048
9501
12013
13522
11731
1202
21666
22681
23823
7055
17821
31543
20939
28634
22649
7594
15003
8492
27773
10222
3615
32754
13169
23419
17274
13332
19888
20240
28422
14037
27775
22447
5959
9211
28317
744
22045
9775
11036
1627
6717
678
24174
18553
7393
2049
28099
26250
24511
25714
29843
23540
18232
10017
20598
11962
9427
28878
7996
17731
17897
6071
25402
18781
23202
17084
16866
15489
18720
16321
4247
8537
16633
6484
9151
24191
8939
12175
5145
16008
4299
22592
28240
12609
14783
19016
209
12856
13997
22593
15322
30846
2803
15972
22484
21420
7513
1961
13795
23076
15683
20015
11963
19609
2092
23263
17333
21202
17231
26701
26146
30122
32167
3294
18655
31324
3610
4144
28714
765
16882
12214
29619
6218
20364
5795
9974
164
24916
3338
7113
2137
19697
8771
13105
7973
19132
22160
12410
28409
16759
2048
647
20474
31292
9876
14182
15821
20659
29601
20007
12818
13192
20597
23279
2094
2332
24637
12616
20046
19579
295
2235
10153
30351
24771
20385
9221
1939
12207
8246
12412
17609
14451
3055
1408
32368
23978
12558
13853
29169
17251
20083
17534
7257
10182
18869
24499
4363
12027
23409
11953
10423
9799
21986
19610
7302
632
14770
23103
24983
7556
3344
18660
22703
30573
10499
16963
9772
32359
28926
20947
17979
8765
10420
13129
12619
14065
23597
27231
9410
27299
3610
2005
25582
21171
8294
16310
1342
21546
11021
13533
8114
27478
13617
7607
27792
5813
1131
9803
12633
26901
30303
13175
1531
1784
6291
27516
19272
4925
29313
10173
26023
20221
13802
13251
4105
28852
18798
32133
23327
30369
24922
6886
11467
30831
6849
18560
21460
15380
19662
17824
989
4602
1112
12689
19864
15452
23991
19998
26423
26100
12502
19282
22819
27603
17290
130
25329
32400
30242
13966
11410
24228
7744
26467
6089
14357
999
5828
17890
24914
13524
10315
9634
350
8722
22186
7546
24881
15305
12343
9727
27740
32599
15528
26783
9451
11169
12314
13964
3727
4011
20313
27645
21757
10087
26971
5014
12689
31435
2573
24100
21559
29478
19027
17038
21387
6836
24905
23049
26687
31344
23248
19594
30653
2601
5958
24961
12814
26328
30868
2244
18171
17201
24686
28617
30322
18040
25558
30489
43
19862
22498
7169
13962
17004
7104
10891
14536
32103
17399
19373
6222
25941
2799
17343
28001
16759
10932
30002
7940
29143
1015
31616
25114
475
13910
29279
13260
18715
3549
15674
21290
3696
27084
25313
32277
24909
154
20864
30044
7507
9531
7886
3109
19487
29087
6278
18063
22887
31355
14619
19349
19781
28747
21672
11830
210
20888
4645
20946
247
4726
1249
28120
4992
23890
31276
29854
4722
20714
20308
24976
4511
24477
25556
12941
631
13285
31687
4238
18977
15906
9891
27529
32203
20377
32291
3477
14654
26300
20869
26958
17333
4268
4342
10107
30447
1020
3403
14318
7299
22712
24561
27052
13684
421
3879
20046
24581
27339
17002
27815
20430
24881
6961
1703
3088
10216
1499
30335
26694
24138
5862
26374
27388
7044
18529
27484
5860
25426
11172
14797
18983
22538
25406
3576
10233
19932
31023
30256
16496
9048
25944
4130
27286
816
22575
30904
1213
29504
7607
29502
3858
21707
11440
3012
21621
14856
13834
14531
5512
13533
18592
16387
27142
746
23843
25275
19543
15049
24148
5371
865
24212
375
17479
24224
30632
772
29060
30841
8105
7071
8729
29387
6855
16714
27726
25032
26431
2266
8951
22787
26148
15271
25687
20169
351
30088
4159
18869
29429
24319
26998
3199
4488
22448
26205
13333
17953
9496
29907
31725
3884
31099
13655
7321
13508
26398
29036
30876
4657
5047
20802
2940
6319
16418
5266
20248
28529
30805
21194
2876
21734
32662
1642
17267
9531
19692
26542
14108
10785
11219
23149
10176
6096
21811
29505
22947
23372
5267
22504
665
7655
19850
32490
6939
8711
30071
4732
17818
23849
21874
31397
16403
29478
10371
21151
5092
30389
27153
19840
30686
4914
26781
19994
6299
926
28848
13855
15122
31462
9233
12425
28008
24936
20796
31544
14858
2995
24336
29661
4344
20110
8392
27672
23396
5181
9772
2269
28027
22271
23560
12572
19075
9435
4318
20385
28454
4252
12760
27705
5645
13339
21504
24598
10929
10172
23987
10612
24174
4923
25683
8829
5082
15273
4669
8042
5204
12977
10491
14316
17376
2848
29626
16330
18226
13989
15870
13003
20488
28884
8852
6102
957
23409
18121
8024
12315
12268
21977
230
17010
10792
20650
23588
13542
4224
1466
8421
26125
32012
17750
17043
3770
19488
9742
15058
18963
21526
28005
8032
25578
19022
28877
20287
24906
31090
722
31511
30543
11519
16533
3286
25659
30209
21372
12953
24263
11550
31528
4303
4023
21973
29607
24475
18865
18184
3051
30587
29519
15544
123
4392
22387
14097
28265
15549
20443
19110
29316
21530
32245
17917
18638
27787
1524
20558
49
2981
35
25992
5741
9073
5241
21397
4181
6605
29806
7391
25147
24334
9998
25619
15529
22506
23372
17701
4434
7830
13464
16276
25671
24363
17844
5615
15726
21326
11715
18072
20017
8464
2979
456
8051
8467
15228
16595
23496
20463
4761
25261
2533
28371
3447
29101
19285
6000
9244
30354
29550
18194
14506
31940
2692
9488
21556
11228
4444
2151
9680
6757
6371
162
30702
15844
544
26109
4072
7191
31336
13513
11226
8571
2001
14354
4787
16656
14825
18304
27276
16736
21159
7291
18745
23230
31649
658
13086
2764
23424
26398
31812
16704
8113
3106
16301
18919
20062
25206
24804
6122
29853
20261
19415
22096
1255
24595
26345
25028
31179
13283
27460
3992
4323
6423
5996
26123
12808
10361
28698
10695
22210
24250
839
25774
1538
31066
24967
18902
14356
6855
16792
6866
14031
31177
571
29236
19983
8221
32322
5967
24677
31841
26347
16194
13324
19248
6252
24370
3103
7053
7375
29654
25098
29317
20736
25145
21311
21008
24613
21947
5930
10041
2349
16217
4454
25470
25260
23087
21553
17786
4326
22843
10013
5313
8745
8804
26121
21772
1377
15035
19536
13462
20198
18432
64
14789
16280
19304
29390
29709
16942
31133
26503
13330
21195
21511
14538
3852
1234
26442
11317
12656
6908
21264
27485
17613
26024
32520
29890
27891
23410
8495
6402
8283
8198
31054
22604
24515
27959
26051
13336
4377
4683
13701
18709
410
32153
23395
17763
21307
1111
26252
3843
22856
23725
25684
11916
10315
32269
3893
21023
23855
23495
28436
31900
24485
11736
20166
13590
9159
15363
10963
19077
12027
24356
32122
32699
25627
11456
3061
13210
23251
224
6398
22915
17994
23072
8337
22033
12036
15363
244
5128
1031
2953
13557
25992
18236
6660
883
1415
22809
21031
18463
19838
10109
15200
14724
29537
17371
18280
20549
25557
9371
7704
13222
3230
5565
23422
20302
11094
7360
29744
30284
29797
21442
13280
14167
9773
32744
2609
18010
23685
26368
6601
7984
14441
10341
15783
17835
12271
7459
30903
18140
6781
860
932
24462
19770
30955
27886
27668
23490
2374
32572
1349
20766
21161
25075
28356
29939
1649
10247
14981
28921
18630
16658
17804
27311
13180
163
29176
25934
59
12248
16961
32763
7646
23855
14782
25664
13594
24217
9834
30909
24672
14800
14311
11291
6916
26347
1987
27714
11166
8496
30459
7628
3505
14889
1213
10169
7818
8954
626
26468
4459
8177
18684
8373
28393
23135
21308
16025
9107
17574
25048
30639
25044
1172
3131
11077
23323
22511
25309
2690
5176
10065
1732
25060
22794
15158
23115
5870
4951
18260
12066
11802
2299
16427
5526
27925
17733
11996
12562
27947
12702
30526
13798
12800
8555
17455
29768
6274
21813
3624
5272
12827
14599
28693
26857
24619
25112
15971
30652
17333
4010
5210
9230
21849
13106
19373
5782
14722
17337
4687
19528
9440
24706
4745
28189
25881
1773
24906
22038
25019
24475
9918
25983
10614
26323
13601
4209
24456
29733
470
17050
7544
25933
13491
320
7431
28762
16800
28292
15972
24847
16480
4580
16031
17801
30382
2564
12896
20002
18572
2990
6361
25750
728
21015
6905
15972
13344
25700
19170
28279
1975
21612
30622
14854
22280
23232
26893
13497
25899
29673
6178
26637
30902
25328
14159
2553
18390
15652
7998
1746
27294
25367
29634
25196
18334
2794
5389
13442
11960
16330
12579
17495
5679
31419
2447
1950
11777
14484
16724
2199
15735
12619
18214
30588
32506
5235
12250
27419
28200
28419
5404
5316
15399
7769
19552
27493
24121
29823
2587
4596
27281
29100
17714
32013
14182
14094
28338
7133
28741
5830
20931
2110
5547
25909
12247
547
6867
28534
27943
14903
5581
15147
24928
12225
13776
29565
8345
9675
29649
10078
20617
29571
12628
15633
24055
13281
14723
16109
9841
6282
22653
25950
27201
25589
31984
556
6813
20172
6122
12544
22558
23701
12012
28964
13684
25489
21569
3210
4695
19428
31117
28688
8896
18935
20649
22786
30298
6171
11950
31712
5171
29551
9552
2146
32440
24579
18030
11962
13280
30781
17894
2585
32167
19324
28078
5236
9918
4092
6177
1928
26497
11258
9366
20252
7977
23064
6711
28806
11587
27906
27921
2928
32609
30290
6503
22492
9999
21681
2380
17766
3080
27967
30833
8137
3754
5174
19003
23717
11944
26826
1560
30336
2559
10323
28180
30986
18475
15533
25511
8869
17818
2527
3793
16164
4961
16124
31593
8147
7982
11847
8371
21688
6013
28826
1840
2841
24591
22537
186
13631
10904
30146
9936
24441
1977
14135
4910
22115
1069
24192
1696
615
9799
23034
29209
7301
24476
16181
5631
8272
18173
27917
11210
7993
11944
6422
19917
22800
27326
19518
4435
15816
23544
4781
1774
15483
4758
25328
5388
941
7577
87
24779
5845
23090
23707
14607
23834
22394
15556
14289
3418
8803
9546
3514
7024
3567
20859
11248
2743
19360
14876
16432
18890
26671
28499
14109
31630
129
18885
14551
20851
17110
14075
21456
23286
4164
9482
18907
28267
21092
20851
13190
3833
22859
32584
28074
29670
21947
22672
1344
5396
17307
32493
5494
24780
22693
3964
19459
32443
19295
7677
1975
17466
1612
27444
17750
15827
7011
23182
20134
29184
3008
27400
24519
16693
14234
14157
14019
1825
2677
16670
16742
24882
14232
3063
23888
15959
6850
19184
24136
7177
4377
9697
20179
5260
24163
22985
7941
8818
29304
14449
13720
15714
8951
19276
5947
13335
11577
7586
6188
26539
5251
29165
19465
19478
12416
26244
10212
20978
32750
19830
2709
7553
5015
15289
8020
12016
9603
4996
20103
24541
12396
3577
12504
23064
7026
2055
14475
27558
19984
5775
1294
23564
16463
9669
5330
9930
23353
10202
18778
16165
15761
5848
29074
16681
14529
19917
20065
13295
6676
32043
17793
16668
5157
15983
13967
1450
23704
2817
9822
24555
20999
6747
13457
24266
15935
27502
3945
13909
2221
32065
23003
23928
27923
31452
14310
14603
2687
24164
29987
30736
24190
20359
31134
1333
141
16667
228
12705
12752
4609
18269
31980
5383
13648
8668
7791
8893
9647
13173
13247
11714
10243
13711
14452
3036
8523
1593
11055
14010
967
28866
987
31017
5984
25731
24370
31883
8516
3584
899
19076
11985
1584
8883
5878
1972
3096
32131
26160
2898
31903
19472
25442
32103
31901
4000
31572
1516
2357
12699
3928
26687
25189
5080
21630
13694
987
30234
13062
32307
8202
21723
14875
18231
20862
9544
31678
17872
30316
4748
25856
10013
27278
8273
26228
26292
4909
22148
228
30857
29056
23129
2627
18962
12084
6288
16099
24232
22860
25846
29416
2865
15659
13102
30717
5372
7151
19633
2885
14316
10241
10260
24468
22489
234
17802
6112
24883
8553
13481
17906
7400
29634
10097
16737
31624
88
13962
27329
7080
27262
15053
12056
3972
12171
24582
24465
9704
23596
21752
12661
14928
11263
15522
31318
20558
18269
17601
31886
32300
4983
1430
22504
27346
18596
3817
29340
25323
17145
17998
28289
18756
16667
31399
32382
26228
1361
20714
12353
23490
3293
28197
32308
15683
20877
703
15789
5955
18829
6912
15718
25318
6527
22739
10284
11791
11469
31435
32731
31361
10302
21605
17545
6213
27336
7053
7170
32587
4262
12131
3445
27732
11434
15422
9580
17678
